year,month,day,t,nee,gpp,reco,swc,ts,vpd,ta,par,rad,precip
2000,1,1,730486,NaN,NaN,NaN,NaN,NaN,NaN,NaN,NaN,NaN,NaN
2000,1,2,730487,NaN,NaN,NaN,NaN,NaN,NaN,NaN,NaN,NaN,NaN
2000,1,3,730488,NaN,NaN,NaN,NaN,NaN,NaN,NaN,NaN,NaN,NaN
2000,1,4,730489,NaN,NaN,NaN,NaN,NaN,NaN,NaN,NaN,NaN,NaN
2000,1,5,730490,NaN,NaN,NaN,NaN,NaN,NaN,NaN,NaN,NaN,NaN
2000,1,6,730491,NaN,NaN,NaN,NaN,NaN,NaN,NaN,NaN,NaN,NaN
2000,1,7,730492,NaN,NaN,NaN,NaN,NaN,NaN,NaN,NaN,NaN,NaN
2000,1,8,730493,NaN,NaN,NaN,NaN,NaN,NaN,NaN,NaN,NaN,NaN
2000,1,9,730494,NaN,NaN,NaN,NaN,NaN,NaN,NaN,NaN,NaN,NaN
2000,1,10,730495,NaN,NaN,NaN,NaN,NaN,NaN,NaN,NaN,NaN,NaN
2000,1,11,730496,NaN,NaN,NaN,NaN,NaN,NaN,NaN,NaN,NaN,NaN
2000,1,12,730497,NaN,NaN,NaN,NaN,NaN,NaN,NaN,NaN,NaN,NaN
2000,1,13,730498,NaN,NaN,NaN,NaN,NaN,NaN,NaN,NaN,NaN,NaN
2000,1,14,730499,NaN,NaN,NaN,NaN,NaN,NaN,NaN,NaN,NaN,NaN
2000,1,15,730500,NaN,NaN,NaN,NaN,NaN,NaN,NaN,NaN,NaN,NaN
2000,1,16,730501,NaN,NaN,NaN,NaN,NaN,NaN,NaN,NaN,NaN,NaN
2000,1,17,730502,NaN,NaN,NaN,NaN,NaN,NaN,NaN,NaN,NaN,NaN
2000,1,18,730503,NaN,NaN,NaN,NaN,NaN,NaN,NaN,NaN,NaN,NaN
2000,1,19,730504,NaN,NaN,NaN,NaN,NaN,NaN,NaN,NaN,NaN,NaN
2000,1,20,730505,NaN,NaN,NaN,NaN,NaN,NaN,NaN,NaN,NaN,NaN
2000,1,21,730506,NaN,NaN,NaN,NaN,NaN,NaN,NaN,NaN,NaN,NaN
2000,1,22,730507,NaN,NaN,NaN,NaN,NaN,NaN,NaN,NaN,NaN,NaN
2000,1,23,730508,NaN,NaN,NaN,NaN,NaN,NaN,NaN,NaN,NaN,NaN
2000,1,24,730509,NaN,NaN,NaN,NaN,NaN,NaN,NaN,NaN,NaN,NaN
2000,1,25,730510,NaN,NaN,NaN,NaN,NaN,NaN,NaN,NaN,NaN,NaN
2000,1,26,730511,NaN,NaN,NaN,NaN,NaN,NaN,NaN,NaN,NaN,NaN
2000,1,27,730512,NaN,NaN,NaN,NaN,NaN,NaN,NaN,NaN,NaN,NaN
2000,1,28,730513,NaN,NaN,NaN,NaN,NaN,NaN,NaN,NaN,NaN,NaN
2000,1,29,730514,NaN,NaN,NaN,NaN,NaN,NaN,NaN,NaN,NaN,NaN
2000,1,30,730515,NaN,NaN,NaN,NaN,NaN,NaN,NaN,NaN,NaN,NaN
2000,1,31,730516,NaN,NaN,NaN,NaN,NaN,NaN,NaN,NaN,NaN,NaN
2000,2,1,730517,NaN,NaN,NaN,NaN,NaN,NaN,NaN,NaN,NaN,NaN
2000,2,2,730518,NaN,NaN,NaN,NaN,NaN,NaN,NaN,NaN,NaN,NaN
2000,2,3,730519,NaN,NaN,NaN,NaN,NaN,NaN,NaN,NaN,NaN,NaN
2000,2,4,730520,NaN,NaN,NaN,NaN,NaN,NaN,NaN,NaN,NaN,NaN
2000,2,5,730521,NaN,NaN,NaN,NaN,NaN,NaN,NaN,NaN,NaN,NaN
2000,2,6,730522,NaN,NaN,NaN,NaN,NaN,NaN,NaN,NaN,NaN,NaN
2000,2,7,730523,NaN,NaN,NaN,NaN,NaN,NaN,NaN,NaN,NaN,NaN
2000,2,8,730524,NaN,NaN,NaN,NaN,NaN,NaN,NaN,NaN,NaN,NaN
2000,2,9,730525,NaN,NaN,NaN,NaN,NaN,NaN,NaN,NaN,NaN,NaN
2000,2,10,730526,NaN,NaN,NaN,NaN,NaN,NaN,NaN,NaN,NaN,NaN
2000,2,11,730527,NaN,NaN,NaN,NaN,NaN,NaN,NaN,NaN,NaN,NaN
2000,2,12,730528,NaN,NaN,NaN,NaN,NaN,NaN,NaN,NaN,NaN,NaN
2000,2,13,730529,NaN,NaN,NaN,NaN,NaN,NaN,NaN,NaN,NaN,NaN
2000,2,14,730530,NaN,NaN,NaN,NaN,NaN,NaN,NaN,NaN,NaN,NaN
2000,2,15,730531,NaN,NaN,NaN,NaN,NaN,NaN,NaN,NaN,NaN,NaN
2000,2,16,730532,NaN,NaN,NaN,NaN,NaN,NaN,NaN,NaN,NaN,NaN
2000,2,17,730533,NaN,NaN,NaN,NaN,NaN,NaN,NaN,NaN,NaN,NaN
2000,2,18,730534,NaN,NaN,NaN,NaN,NaN,NaN,NaN,NaN,NaN,NaN
2000,2,19,730535,NaN,NaN,NaN,NaN,NaN,NaN,NaN,NaN,NaN,NaN
2000,2,20,730536,NaN,NaN,NaN,NaN,NaN,NaN,NaN,NaN,NaN,NaN
2000,2,21,730537,NaN,NaN,NaN,NaN,NaN,NaN,NaN,NaN,NaN,NaN
2000,2,22,730538,NaN,NaN,NaN,NaN,NaN,NaN,NaN,NaN,NaN,NaN
2000,2,23,730539,NaN,NaN,NaN,NaN,NaN,NaN,NaN,NaN,NaN,NaN
2000,2,24,730540,NaN,NaN,NaN,NaN,NaN,NaN,NaN,NaN,NaN,NaN
2000,2,25,730541,NaN,NaN,NaN,NaN,NaN,NaN,NaN,NaN,NaN,NaN
2000,2,26,730542,NaN,NaN,NaN,NaN,NaN,NaN,NaN,NaN,NaN,NaN
2000,2,27,730543,NaN,NaN,NaN,NaN,NaN,NaN,NaN,NaN,NaN,NaN
2000,2,28,730544,NaN,NaN,NaN,NaN,NaN,NaN,NaN,NaN,NaN,NaN
2000,2,29,730545,NaN,NaN,NaN,NaN,NaN,NaN,NaN,NaN,NaN,NaN
2000,3,1,730546,NaN,NaN,NaN,NaN,NaN,NaN,NaN,NaN,NaN,NaN
2000,3,2,730547,NaN,NaN,NaN,NaN,NaN,NaN,NaN,NaN,NaN,NaN
2000,3,3,730548,NaN,NaN,NaN,NaN,NaN,NaN,NaN,NaN,NaN,NaN
2000,3,4,730549,NaN,NaN,NaN,NaN,NaN,NaN,NaN,NaN,NaN,NaN
2000,3,5,730550,NaN,NaN,NaN,NaN,NaN,NaN,NaN,NaN,NaN,NaN
2000,3,6,730551,NaN,NaN,NaN,NaN,NaN,NaN,NaN,NaN,NaN,NaN
2000,3,7,730552,NaN,NaN,NaN,NaN,NaN,NaN,NaN,NaN,NaN,NaN
2000,3,8,730553,NaN,NaN,NaN,NaN,NaN,NaN,NaN,NaN,NaN,NaN
2000,3,9,730554,NaN,NaN,NaN,NaN,NaN,NaN,NaN,NaN,NaN,NaN
2000,3,10,730555,NaN,NaN,NaN,NaN,NaN,NaN,NaN,NaN,NaN,NaN
2000,3,11,730556,NaN,NaN,NaN,NaN,NaN,NaN,NaN,NaN,NaN,NaN
2000,3,12,730557,NaN,NaN,NaN,NaN,NaN,NaN,NaN,NaN,NaN,NaN
2000,3,13,730558,NaN,NaN,NaN,NaN,NaN,NaN,NaN,NaN,NaN,NaN
2000,3,14,730559,NaN,NaN,NaN,NaN,NaN,NaN,NaN,NaN,NaN,NaN
2000,3,15,730560,NaN,NaN,NaN,NaN,NaN,NaN,NaN,NaN,NaN,NaN
2000,3,16,730561,NaN,NaN,NaN,NaN,NaN,NaN,NaN,NaN,NaN,NaN
2000,3,17,730562,NaN,NaN,NaN,NaN,NaN,NaN,NaN,NaN,NaN,NaN
2000,3,18,730563,NaN,NaN,NaN,NaN,NaN,NaN,NaN,NaN,NaN,NaN
2000,3,19,730564,NaN,NaN,NaN,NaN,NaN,NaN,NaN,NaN,NaN,NaN
2000,3,20,730565,NaN,NaN,NaN,NaN,NaN,NaN,NaN,NaN,NaN,NaN
2000,3,21,730566,NaN,NaN,NaN,NaN,NaN,NaN,NaN,NaN,NaN,NaN
2000,3,22,730567,NaN,NaN,NaN,NaN,NaN,NaN,NaN,NaN,NaN,NaN
2000,3,23,730568,NaN,NaN,NaN,NaN,NaN,NaN,NaN,NaN,NaN,NaN
2000,3,24,730569,NaN,NaN,NaN,NaN,NaN,NaN,NaN,NaN,NaN,NaN
2000,3,25,730570,NaN,NaN,NaN,NaN,NaN,NaN,NaN,NaN,NaN,NaN
2000,3,26,730571,NaN,NaN,NaN,NaN,NaN,NaN,NaN,NaN,NaN,NaN
2000,3,27,730572,NaN,NaN,NaN,NaN,NaN,NaN,NaN,NaN,NaN,NaN
2000,3,28,730573,NaN,NaN,NaN,NaN,NaN,NaN,NaN,NaN,NaN,NaN
2000,3,29,730574,NaN,NaN,NaN,NaN,NaN,NaN,NaN,NaN,NaN,NaN
2000,3,30,730575,NaN,NaN,NaN,NaN,NaN,NaN,NaN,NaN,NaN,NaN
2000,3,31,730576,NaN,NaN,NaN,NaN,NaN,NaN,NaN,NaN,NaN,NaN
2000,4,1,730577,NaN,NaN,NaN,NaN,NaN,NaN,NaN,NaN,NaN,NaN
2000,4,2,730578,NaN,NaN,NaN,NaN,NaN,NaN,NaN,NaN,NaN,NaN
2000,4,3,730579,NaN,NaN,NaN,NaN,NaN,NaN,NaN,NaN,NaN,NaN
2000,4,4,730580,NaN,NaN,NaN,NaN,NaN,NaN,NaN,NaN,NaN,NaN
2000,4,5,730581,NaN,NaN,NaN,NaN,NaN,NaN,NaN,NaN,NaN,NaN
2000,4,6,730582,NaN,NaN,NaN,NaN,NaN,NaN,NaN,NaN,NaN,NaN
2000,4,7,730583,NaN,NaN,NaN,NaN,NaN,NaN,NaN,NaN,NaN,NaN
2000,4,8,730584,NaN,NaN,NaN,NaN,NaN,NaN,NaN,NaN,NaN,NaN
2000,4,9,730585,NaN,NaN,NaN,NaN,NaN,NaN,NaN,NaN,NaN,NaN
2000,4,10,730586,NaN,NaN,NaN,NaN,NaN,NaN,NaN,NaN,NaN,NaN
2000,4,11,730587,NaN,NaN,NaN,NaN,NaN,NaN,NaN,NaN,NaN,NaN
2000,4,12,730588,NaN,NaN,NaN,NaN,NaN,NaN,NaN,NaN,NaN,NaN
2000,4,13,730589,NaN,NaN,NaN,NaN,NaN,NaN,NaN,NaN,NaN,NaN
2000,4,14,730590,NaN,NaN,NaN,NaN,NaN,NaN,NaN,NaN,NaN,NaN
2000,4,15,730591,NaN,NaN,NaN,NaN,NaN,NaN,NaN,NaN,NaN,NaN
2000,4,16,730592,NaN,NaN,NaN,NaN,NaN,NaN,NaN,NaN,NaN,NaN
2000,4,17,730593,NaN,NaN,NaN,NaN,NaN,NaN,NaN,NaN,NaN,NaN
2000,4,18,730594,NaN,NaN,NaN,NaN,NaN,NaN,NaN,NaN,NaN,NaN
2000,4,19,730595,NaN,NaN,NaN,NaN,NaN,NaN,NaN,NaN,NaN,NaN
2000,4,20,730596,NaN,NaN,NaN,NaN,NaN,NaN,NaN,NaN,NaN,NaN
2000,4,21,730597,NaN,NaN,NaN,NaN,NaN,NaN,NaN,NaN,NaN,NaN
2000,4,22,730598,NaN,NaN,NaN,NaN,NaN,NaN,NaN,NaN,NaN,NaN
2000,4,23,730599,NaN,NaN,NaN,NaN,NaN,NaN,NaN,NaN,NaN,NaN
2000,4,24,730600,NaN,NaN,NaN,NaN,NaN,NaN,NaN,NaN,NaN,NaN
2000,4,25,730601,NaN,NaN,NaN,NaN,NaN,NaN,NaN,NaN,NaN,NaN
2000,4,26,730602,NaN,NaN,NaN,NaN,NaN,NaN,NaN,NaN,NaN,NaN
2000,4,27,730603,NaN,NaN,NaN,NaN,NaN,NaN,NaN,NaN,NaN,NaN
2000,4,28,730604,NaN,NaN,NaN,NaN,NaN,NaN,NaN,NaN,NaN,NaN
2000,4,29,730605,NaN,NaN,NaN,NaN,NaN,NaN,NaN,NaN,NaN,NaN
2000,4,30,730606,NaN,NaN,NaN,NaN,NaN,NaN,NaN,NaN,NaN,NaN
2000,5,1,730607,NaN,NaN,NaN,NaN,NaN,NaN,NaN,NaN,NaN,NaN
2000,5,2,730608,NaN,NaN,NaN,NaN,NaN,NaN,NaN,NaN,NaN,NaN
2000,5,3,730609,NaN,NaN,NaN,NaN,NaN,NaN,NaN,NaN,NaN,NaN
2000,5,4,730610,NaN,NaN,NaN,NaN,NaN,NaN,NaN,NaN,NaN,NaN
2000,5,5,730611,NaN,NaN,NaN,NaN,NaN,NaN,NaN,NaN,NaN,NaN
2000,5,6,730612,NaN,NaN,NaN,NaN,NaN,NaN,NaN,NaN,NaN,NaN
2000,5,7,730613,NaN,NaN,NaN,NaN,NaN,NaN,NaN,NaN,NaN,NaN
2000,5,8,730614,NaN,NaN,NaN,NaN,NaN,NaN,NaN,NaN,NaN,NaN
2000,5,9,730615,NaN,NaN,NaN,NaN,NaN,NaN,NaN,NaN,NaN,NaN
2000,5,10,730616,NaN,NaN,NaN,NaN,NaN,NaN,NaN,NaN,NaN,NaN
2000,5,11,730617,NaN,NaN,NaN,NaN,NaN,NaN,NaN,NaN,NaN,NaN
2000,5,12,730618,NaN,NaN,NaN,NaN,NaN,NaN,NaN,NaN,NaN,NaN
2000,5,13,730619,NaN,NaN,NaN,NaN,NaN,NaN,NaN,NaN,NaN,NaN
2000,5,14,730620,NaN,NaN,NaN,NaN,NaN,NaN,NaN,NaN,NaN,NaN
2000,5,15,730621,NaN,NaN,NaN,NaN,NaN,NaN,NaN,NaN,NaN,NaN
2000,5,16,730622,NaN,NaN,NaN,NaN,NaN,NaN,NaN,NaN,NaN,NaN
2000,5,17,730623,NaN,NaN,NaN,NaN,NaN,NaN,NaN,NaN,NaN,NaN
2000,5,18,730624,NaN,NaN,NaN,NaN,NaN,NaN,NaN,NaN,NaN,NaN
2000,5,19,730625,NaN,NaN,NaN,NaN,NaN,NaN,NaN,NaN,NaN,NaN
2000,5,20,730626,NaN,NaN,NaN,NaN,NaN,NaN,NaN,NaN,NaN,NaN
2000,5,21,730627,NaN,NaN,NaN,NaN,NaN,NaN,NaN,NaN,NaN,NaN
2000,5,22,730628,NaN,NaN,NaN,NaN,NaN,NaN,NaN,NaN,NaN,NaN
2000,5,23,730629,NaN,NaN,NaN,NaN,NaN,NaN,NaN,NaN,NaN,NaN
2000,5,24,730630,NaN,NaN,NaN,NaN,NaN,NaN,NaN,NaN,NaN,NaN
2000,5,25,730631,NaN,NaN,NaN,NaN,NaN,NaN,NaN,NaN,NaN,NaN
2000,5,26,730632,NaN,NaN,NaN,NaN,NaN,NaN,NaN,NaN,NaN,NaN
2000,5,27,730633,NaN,NaN,NaN,NaN,NaN,NaN,NaN,NaN,NaN,NaN
2000,5,28,730634,NaN,NaN,NaN,NaN,NaN,NaN,NaN,NaN,NaN,NaN
2000,5,29,730635,NaN,NaN,NaN,NaN,NaN,NaN,NaN,NaN,NaN,NaN
2000,5,30,730636,NaN,NaN,NaN,NaN,NaN,NaN,NaN,NaN,NaN,NaN
2000,5,31,730637,NaN,NaN,NaN,NaN,NaN,NaN,NaN,NaN,NaN,NaN
2000,6,1,730638,NaN,NaN,NaN,NaN,NaN,NaN,NaN,NaN,NaN,NaN
2000,6,2,730639,NaN,NaN,NaN,NaN,NaN,NaN,NaN,NaN,NaN,NaN
2000,6,3,730640,NaN,NaN,NaN,NaN,NaN,NaN,NaN,NaN,NaN,NaN
2000,6,4,730641,NaN,NaN,NaN,NaN,NaN,NaN,NaN,NaN,NaN,NaN
2000,6,5,730642,NaN,NaN,NaN,NaN,NaN,NaN,NaN,NaN,NaN,NaN
2000,6,6,730643,NaN,NaN,NaN,NaN,NaN,NaN,NaN,NaN,NaN,NaN
2000,6,7,730644,NaN,NaN,NaN,NaN,NaN,NaN,NaN,NaN,NaN,NaN
2000,6,8,730645,NaN,NaN,NaN,NaN,NaN,NaN,NaN,NaN,NaN,NaN
2000,6,9,730646,NaN,NaN,NaN,NaN,NaN,NaN,NaN,NaN,NaN,NaN
2000,6,10,730647,NaN,NaN,NaN,NaN,NaN,NaN,NaN,NaN,NaN,NaN
2000,6,11,730648,NaN,NaN,NaN,NaN,NaN,NaN,NaN,NaN,NaN,NaN
2000,6,12,730649,NaN,NaN,NaN,NaN,NaN,NaN,NaN,NaN,NaN,NaN
2000,6,13,730650,NaN,NaN,NaN,NaN,NaN,NaN,NaN,NaN,NaN,NaN
2000,6,14,730651,NaN,NaN,NaN,NaN,NaN,NaN,NaN,NaN,NaN,NaN
2000,6,15,730652,NaN,NaN,NaN,NaN,NaN,NaN,NaN,NaN,NaN,NaN
2000,6,16,730653,NaN,NaN,NaN,NaN,NaN,NaN,NaN,NaN,NaN,NaN
2000,6,17,730654,NaN,NaN,NaN,NaN,NaN,NaN,NaN,NaN,NaN,NaN
2000,6,18,730655,NaN,NaN,NaN,NaN,NaN,NaN,NaN,NaN,NaN,NaN
2000,6,19,730656,NaN,NaN,NaN,NaN,NaN,NaN,NaN,NaN,NaN,NaN
2000,6,20,730657,NaN,NaN,NaN,NaN,NaN,NaN,NaN,NaN,NaN,NaN
2000,6,21,730658,NaN,NaN,NaN,NaN,NaN,NaN,NaN,NaN,NaN,NaN
2000,6,22,730659,NaN,NaN,NaN,NaN,NaN,NaN,NaN,NaN,NaN,NaN
2000,6,23,730660,NaN,NaN,NaN,NaN,NaN,NaN,NaN,NaN,NaN,NaN
2000,6,24,730661,NaN,NaN,NaN,NaN,NaN,NaN,NaN,NaN,NaN,NaN
2000,6,25,730662,NaN,NaN,NaN,NaN,NaN,NaN,NaN,NaN,NaN,NaN
2000,6,26,730663,NaN,NaN,NaN,NaN,NaN,NaN,NaN,NaN,NaN,NaN
2000,6,27,730664,NaN,NaN,NaN,NaN,NaN,NaN,NaN,NaN,NaN,NaN
2000,6,28,730665,NaN,NaN,NaN,NaN,NaN,NaN,NaN,NaN,NaN,NaN
2000,6,29,730666,NaN,NaN,NaN,NaN,NaN,NaN,NaN,NaN,NaN,NaN
2000,6,30,730667,NaN,NaN,NaN,NaN,NaN,NaN,NaN,NaN,NaN,NaN
2000,7,1,730668,NaN,NaN,NaN,NaN,NaN,NaN,NaN,NaN,NaN,NaN
2000,7,2,730669,NaN,NaN,NaN,NaN,NaN,NaN,NaN,NaN,NaN,NaN
2000,7,3,730670,NaN,NaN,NaN,NaN,NaN,NaN,NaN,NaN,NaN,NaN
2000,7,4,730671,NaN,NaN,NaN,NaN,NaN,NaN,NaN,NaN,NaN,NaN
2000,7,5,730672,NaN,NaN,NaN,NaN,NaN,NaN,NaN,NaN,NaN,NaN
2000,7,6,730673,NaN,NaN,NaN,NaN,NaN,NaN,NaN,NaN,NaN,NaN
2000,7,7,730674,NaN,NaN,NaN,NaN,NaN,NaN,NaN,NaN,NaN,NaN
2000,7,8,730675,NaN,NaN,NaN,NaN,NaN,NaN,NaN,NaN,NaN,NaN
2000,7,9,730676,NaN,NaN,NaN,NaN,NaN,NaN,NaN,NaN,NaN,NaN
2000,7,10,730677,NaN,NaN,NaN,NaN,NaN,NaN,NaN,NaN,NaN,NaN
2000,7,11,730678,NaN,NaN,NaN,NaN,NaN,NaN,NaN,NaN,NaN,NaN
2000,7,12,730679,NaN,NaN,NaN,NaN,NaN,NaN,NaN,NaN,NaN,NaN
2000,7,13,730680,NaN,NaN,NaN,NaN,NaN,NaN,NaN,NaN,NaN,NaN
2000,7,14,730681,NaN,NaN,NaN,NaN,NaN,NaN,NaN,NaN,NaN,NaN
2000,7,15,730682,NaN,NaN,NaN,NaN,NaN,NaN,NaN,NaN,NaN,NaN
2000,7,16,730683,NaN,NaN,NaN,NaN,NaN,NaN,NaN,NaN,NaN,NaN
2000,7,17,730684,NaN,NaN,NaN,NaN,NaN,NaN,NaN,NaN,NaN,NaN
2000,7,18,730685,NaN,NaN,NaN,NaN,NaN,NaN,NaN,NaN,NaN,NaN
2000,7,19,730686,NaN,NaN,NaN,NaN,NaN,NaN,NaN,NaN,NaN,NaN
2000,7,20,730687,NaN,NaN,NaN,NaN,NaN,NaN,NaN,NaN,NaN,NaN
2000,7,21,730688,NaN,NaN,NaN,NaN,NaN,NaN,NaN,NaN,NaN,NaN
2000,7,22,730689,NaN,NaN,NaN,NaN,NaN,NaN,NaN,NaN,NaN,NaN
2000,7,23,730690,NaN,NaN,NaN,NaN,NaN,NaN,NaN,NaN,NaN,NaN
2000,7,24,730691,NaN,NaN,NaN,NaN,NaN,NaN,NaN,NaN,NaN,NaN
2000,7,25,730692,NaN,NaN,NaN,NaN,NaN,NaN,NaN,NaN,NaN,NaN
2000,7,26,730693,NaN,NaN,NaN,NaN,NaN,NaN,NaN,NaN,NaN,NaN
2000,7,27,730694,NaN,NaN,NaN,NaN,NaN,NaN,NaN,NaN,NaN,NaN
2000,7,28,730695,NaN,NaN,NaN,NaN,NaN,NaN,NaN,NaN,NaN,NaN
2000,7,29,730696,NaN,NaN,NaN,NaN,NaN,NaN,NaN,NaN,NaN,NaN
2000,7,30,730697,NaN,NaN,NaN,NaN,NaN,NaN,NaN,NaN,NaN,NaN
2000,7,31,730698,NaN,NaN,NaN,NaN,NaN,NaN,NaN,NaN,NaN,NaN
2000,8,1,730699,NaN,NaN,NaN,NaN,NaN,NaN,NaN,NaN,NaN,NaN
2000,8,2,730700,NaN,NaN,NaN,NaN,NaN,NaN,NaN,NaN,NaN,NaN
2000,8,3,730701,NaN,NaN,NaN,NaN,NaN,NaN,NaN,NaN,NaN,NaN
2000,8,4,730702,NaN,NaN,NaN,NaN,NaN,NaN,NaN,NaN,NaN,NaN
2000,8,5,730703,NaN,NaN,NaN,NaN,NaN,NaN,NaN,NaN,NaN,NaN
2000,8,6,730704,NaN,NaN,NaN,NaN,NaN,NaN,NaN,NaN,NaN,NaN
2000,8,7,730705,NaN,NaN,NaN,NaN,NaN,NaN,NaN,NaN,NaN,NaN
2000,8,8,730706,NaN,NaN,NaN,NaN,NaN,NaN,NaN,NaN,NaN,NaN
2000,8,9,730707,NaN,NaN,NaN,NaN,NaN,NaN,NaN,NaN,NaN,NaN
2000,8,10,730708,NaN,NaN,NaN,NaN,NaN,NaN,NaN,NaN,NaN,NaN
2000,8,11,730709,NaN,NaN,NaN,NaN,NaN,NaN,NaN,NaN,NaN,NaN
2000,8,12,730710,NaN,NaN,NaN,NaN,NaN,NaN,NaN,NaN,NaN,NaN
2000,8,13,730711,NaN,NaN,NaN,NaN,NaN,NaN,NaN,NaN,NaN,NaN
2000,8,14,730712,NaN,NaN,NaN,NaN,NaN,NaN,NaN,NaN,NaN,NaN
2000,8,15,730713,NaN,NaN,NaN,NaN,NaN,NaN,NaN,NaN,NaN,NaN
2000,8,16,730714,NaN,NaN,NaN,NaN,NaN,NaN,NaN,NaN,NaN,NaN
2000,8,17,730715,NaN,NaN,NaN,NaN,NaN,NaN,NaN,NaN,NaN,NaN
2000,8,18,730716,NaN,NaN,NaN,NaN,NaN,NaN,NaN,NaN,NaN,NaN
2000,8,19,730717,NaN,NaN,NaN,NaN,NaN,NaN,NaN,NaN,NaN,NaN
2000,8,20,730718,NaN,NaN,NaN,NaN,NaN,NaN,NaN,NaN,NaN,NaN
2000,8,21,730719,NaN,NaN,NaN,NaN,NaN,NaN,NaN,NaN,NaN,NaN
2000,8,22,730720,NaN,NaN,NaN,NaN,NaN,NaN,NaN,NaN,NaN,NaN
2000,8,23,730721,NaN,NaN,NaN,NaN,NaN,NaN,NaN,NaN,NaN,NaN
2000,8,24,730722,NaN,NaN,NaN,NaN,NaN,NaN,NaN,NaN,NaN,NaN
2000,8,25,730723,NaN,NaN,NaN,NaN,NaN,NaN,NaN,NaN,NaN,NaN
2000,8,26,730724,NaN,NaN,NaN,NaN,NaN,NaN,NaN,NaN,NaN,NaN
2000,8,27,730725,NaN,NaN,NaN,NaN,NaN,NaN,NaN,NaN,NaN,NaN
2000,8,28,730726,NaN,NaN,NaN,NaN,NaN,NaN,NaN,NaN,NaN,NaN
2000,8,29,730727,NaN,NaN,NaN,NaN,NaN,NaN,NaN,NaN,NaN,NaN
2000,8,30,730728,NaN,NaN,NaN,NaN,NaN,NaN,NaN,NaN,NaN,NaN
2000,8,31,730729,NaN,NaN,NaN,NaN,NaN,NaN,NaN,NaN,NaN,NaN
2000,9,1,730730,NaN,NaN,NaN,NaN,NaN,NaN,NaN,NaN,NaN,NaN
2000,9,2,730731,NaN,NaN,NaN,NaN,NaN,NaN,NaN,NaN,NaN,NaN
2000,9,3,730732,NaN,NaN,NaN,NaN,NaN,NaN,NaN,NaN,NaN,NaN
2000,9,4,730733,NaN,NaN,NaN,NaN,NaN,NaN,NaN,NaN,NaN,NaN
2000,9,5,730734,NaN,NaN,NaN,NaN,NaN,NaN,NaN,NaN,NaN,NaN
2000,9,6,730735,NaN,NaN,NaN,NaN,NaN,NaN,NaN,NaN,NaN,NaN
2000,9,7,730736,NaN,NaN,NaN,NaN,NaN,NaN,NaN,NaN,NaN,NaN
2000,9,8,730737,NaN,NaN,NaN,NaN,NaN,NaN,NaN,NaN,NaN,NaN
2000,9,9,730738,NaN,NaN,NaN,NaN,NaN,NaN,NaN,NaN,NaN,NaN
2000,9,10,730739,NaN,NaN,NaN,NaN,NaN,NaN,NaN,NaN,NaN,NaN
2000,9,11,730740,NaN,NaN,NaN,NaN,NaN,NaN,NaN,NaN,NaN,NaN
2000,9,12,730741,NaN,NaN,NaN,NaN,NaN,NaN,NaN,NaN,NaN,NaN
2000,9,13,730742,NaN,NaN,NaN,NaN,NaN,NaN,NaN,NaN,NaN,NaN
2000,9,14,730743,NaN,NaN,NaN,NaN,NaN,NaN,NaN,NaN,NaN,NaN
2000,9,15,730744,NaN,NaN,NaN,NaN,NaN,NaN,NaN,NaN,NaN,NaN
2000,9,16,730745,NaN,NaN,NaN,NaN,NaN,NaN,NaN,NaN,NaN,NaN
2000,9,17,730746,NaN,NaN,NaN,NaN,NaN,NaN,NaN,NaN,NaN,NaN
2000,9,18,730747,NaN,NaN,NaN,NaN,NaN,NaN,NaN,NaN,NaN,NaN
2000,9,19,730748,NaN,NaN,NaN,NaN,NaN,NaN,NaN,NaN,NaN,NaN
2000,9,20,730749,NaN,NaN,NaN,NaN,NaN,NaN,NaN,NaN,NaN,NaN
2000,9,21,730750,NaN,NaN,NaN,NaN,NaN,NaN,NaN,NaN,NaN,NaN
2000,9,22,730751,NaN,NaN,NaN,NaN,NaN,NaN,NaN,NaN,NaN,NaN
2000,9,23,730752,NaN,NaN,NaN,NaN,NaN,NaN,NaN,NaN,NaN,NaN
2000,9,24,730753,NaN,NaN,NaN,NaN,NaN,NaN,NaN,NaN,NaN,NaN
2000,9,25,730754,NaN,NaN,NaN,NaN,NaN,NaN,NaN,NaN,NaN,NaN
2000,9,26,730755,NaN,NaN,NaN,NaN,NaN,NaN,NaN,NaN,NaN,NaN
2000,9,27,730756,NaN,NaN,NaN,NaN,NaN,NaN,NaN,NaN,NaN,NaN
2000,9,28,730757,NaN,NaN,NaN,NaN,NaN,NaN,NaN,NaN,NaN,NaN
2000,9,29,730758,NaN,NaN,NaN,NaN,NaN,NaN,NaN,NaN,NaN,NaN
2000,9,30,730759,NaN,NaN,NaN,NaN,NaN,NaN,NaN,NaN,NaN,NaN
2000,10,1,730760,NaN,NaN,NaN,NaN,NaN,NaN,NaN,NaN,NaN,NaN
2000,10,2,730761,NaN,NaN,NaN,NaN,NaN,NaN,NaN,NaN,NaN,NaN
2000,10,3,730762,NaN,NaN,NaN,NaN,NaN,NaN,NaN,NaN,NaN,NaN
2000,10,4,730763,NaN,NaN,NaN,NaN,NaN,NaN,NaN,NaN,NaN,NaN
2000,10,5,730764,NaN,NaN,NaN,NaN,NaN,NaN,NaN,NaN,NaN,NaN
2000,10,6,730765,NaN,NaN,NaN,NaN,NaN,NaN,NaN,NaN,NaN,NaN
2000,10,7,730766,NaN,NaN,NaN,NaN,NaN,NaN,NaN,NaN,NaN,NaN
2000,10,8,730767,NaN,NaN,NaN,NaN,NaN,NaN,NaN,NaN,NaN,NaN
2000,10,9,730768,NaN,NaN,NaN,NaN,NaN,NaN,NaN,NaN,NaN,NaN
2000,10,10,730769,NaN,NaN,NaN,NaN,NaN,NaN,NaN,NaN,NaN,NaN
2000,10,11,730770,NaN,NaN,NaN,NaN,NaN,NaN,NaN,NaN,NaN,NaN
2000,10,12,730771,NaN,NaN,NaN,NaN,NaN,NaN,NaN,NaN,NaN,NaN
2000,10,13,730772,NaN,NaN,NaN,NaN,NaN,NaN,NaN,NaN,NaN,NaN
2000,10,14,730773,NaN,NaN,NaN,NaN,NaN,NaN,NaN,NaN,NaN,NaN
2000,10,15,730774,NaN,NaN,NaN,NaN,NaN,NaN,NaN,NaN,NaN,NaN
2000,10,16,730775,NaN,NaN,NaN,NaN,NaN,NaN,NaN,NaN,NaN,NaN
2000,10,17,730776,NaN,NaN,NaN,NaN,NaN,NaN,NaN,NaN,NaN,NaN
2000,10,18,730777,NaN,NaN,NaN,NaN,NaN,NaN,NaN,NaN,NaN,NaN
2000,10,19,730778,NaN,NaN,NaN,NaN,NaN,NaN,NaN,NaN,NaN,NaN
2000,10,20,730779,NaN,NaN,NaN,NaN,NaN,NaN,NaN,NaN,NaN,NaN
2000,10,21,730780,NaN,NaN,NaN,NaN,NaN,NaN,NaN,NaN,NaN,NaN
2000,10,22,730781,NaN,NaN,NaN,NaN,NaN,NaN,NaN,NaN,NaN,NaN
2000,10,23,730782,NaN,NaN,NaN,NaN,NaN,NaN,NaN,NaN,NaN,NaN
2000,10,24,730783,NaN,NaN,NaN,NaN,NaN,NaN,NaN,NaN,NaN,NaN
2000,10,25,730784,NaN,NaN,NaN,NaN,NaN,NaN,NaN,NaN,NaN,NaN
2000,10,26,730785,NaN,NaN,NaN,NaN,NaN,NaN,NaN,NaN,NaN,NaN
2000,10,27,730786,NaN,NaN,NaN,NaN,NaN,NaN,NaN,NaN,NaN,NaN
2000,10,28,730787,NaN,NaN,NaN,NaN,NaN,NaN,NaN,NaN,NaN,NaN
2000,10,29,730788,NaN,NaN,NaN,NaN,NaN,NaN,NaN,NaN,NaN,NaN
2000,10,30,730789,NaN,NaN,NaN,NaN,NaN,NaN,NaN,NaN,NaN,NaN
2000,10,31,730790,NaN,NaN,NaN,NaN,NaN,NaN,NaN,NaN,NaN,NaN
2000,11,1,730791,NaN,NaN,NaN,NaN,NaN,NaN,NaN,NaN,NaN,NaN
2000,11,2,730792,NaN,NaN,NaN,NaN,NaN,NaN,NaN,NaN,NaN,NaN
2000,11,3,730793,NaN,NaN,NaN,NaN,NaN,NaN,NaN,NaN,NaN,NaN
2000,11,4,730794,NaN,NaN,NaN,NaN,NaN,NaN,NaN,NaN,NaN,NaN
2000,11,5,730795,NaN,NaN,NaN,NaN,NaN,NaN,NaN,NaN,NaN,NaN
2000,11,6,730796,NaN,NaN,NaN,NaN,NaN,NaN,NaN,NaN,NaN,NaN
2000,11,7,730797,NaN,NaN,NaN,NaN,NaN,NaN,NaN,NaN,NaN,NaN
2000,11,8,730798,NaN,NaN,NaN,NaN,NaN,NaN,NaN,NaN,NaN,NaN
2000,11,9,730799,NaN,NaN,NaN,NaN,NaN,NaN,NaN,NaN,NaN,NaN
2000,11,10,730800,NaN,NaN,NaN,NaN,NaN,NaN,NaN,NaN,NaN,NaN
2000,11,11,730801,NaN,NaN,NaN,NaN,NaN,NaN,NaN,NaN,NaN,NaN
2000,11,12,730802,NaN,NaN,NaN,NaN,NaN,NaN,NaN,NaN,NaN,NaN
2000,11,13,730803,NaN,NaN,NaN,NaN,NaN,NaN,NaN,NaN,NaN,NaN
2000,11,14,730804,NaN,NaN,NaN,NaN,NaN,NaN,NaN,NaN,NaN,NaN
2000,11,15,730805,NaN,NaN,NaN,NaN,NaN,NaN,NaN,NaN,NaN,NaN
2000,11,16,730806,NaN,NaN,NaN,NaN,NaN,NaN,NaN,NaN,NaN,NaN
2000,11,17,730807,NaN,NaN,NaN,NaN,NaN,NaN,NaN,NaN,NaN,NaN
2000,11,18,730808,NaN,NaN,NaN,NaN,NaN,NaN,NaN,NaN,NaN,NaN
2000,11,19,730809,NaN,NaN,NaN,NaN,NaN,NaN,NaN,NaN,NaN,NaN
2000,11,20,730810,NaN,NaN,NaN,NaN,NaN,NaN,NaN,NaN,NaN,NaN
2000,11,21,730811,NaN,NaN,NaN,NaN,NaN,NaN,NaN,NaN,NaN,NaN
2000,11,22,730812,NaN,NaN,NaN,NaN,NaN,NaN,NaN,NaN,NaN,NaN
2000,11,23,730813,NaN,NaN,NaN,NaN,NaN,NaN,NaN,NaN,NaN,NaN
2000,11,24,730814,NaN,NaN,NaN,NaN,NaN,NaN,NaN,NaN,NaN,NaN
2000,11,25,730815,NaN,NaN,NaN,NaN,NaN,NaN,NaN,NaN,NaN,NaN
2000,11,26,730816,NaN,NaN,NaN,NaN,NaN,NaN,NaN,NaN,NaN,NaN
2000,11,27,730817,NaN,NaN,NaN,NaN,NaN,NaN,NaN,NaN,NaN,NaN
2000,11,28,730818,NaN,NaN,NaN,NaN,NaN,NaN,NaN,NaN,NaN,NaN
2000,11,29,730819,NaN,NaN,NaN,NaN,NaN,NaN,NaN,NaN,NaN,NaN
2000,11,30,730820,NaN,NaN,NaN,NaN,NaN,NaN,NaN,NaN,NaN,NaN
2000,12,1,730821,NaN,NaN,NaN,NaN,NaN,NaN,NaN,NaN,NaN,NaN
2000,12,2,730822,NaN,NaN,NaN,NaN,NaN,NaN,NaN,NaN,NaN,NaN
2000,12,3,730823,NaN,NaN,NaN,NaN,NaN,NaN,NaN,NaN,NaN,NaN
2000,12,4,730824,NaN,NaN,NaN,NaN,NaN,NaN,NaN,NaN,NaN,NaN
2000,12,5,730825,NaN,NaN,NaN,NaN,NaN,NaN,NaN,NaN,NaN,NaN
2000,12,6,730826,NaN,NaN,NaN,NaN,NaN,NaN,NaN,NaN,NaN,NaN
2000,12,7,730827,NaN,NaN,NaN,NaN,NaN,NaN,NaN,NaN,NaN,NaN
2000,12,8,730828,NaN,NaN,NaN,NaN,NaN,NaN,NaN,NaN,NaN,NaN
2000,12,9,730829,NaN,NaN,NaN,NaN,NaN,NaN,NaN,NaN,NaN,NaN
2000,12,10,730830,NaN,NaN,NaN,NaN,NaN,NaN,NaN,NaN,NaN,NaN
2000,12,11,730831,NaN,NaN,NaN,NaN,NaN,NaN,NaN,NaN,NaN,NaN
2000,12,12,730832,NaN,NaN,NaN,NaN,NaN,NaN,NaN,NaN,NaN,NaN
2000,12,13,730833,NaN,NaN,NaN,NaN,NaN,NaN,NaN,NaN,NaN,NaN
2000,12,14,730834,NaN,NaN,NaN,NaN,NaN,NaN,NaN,NaN,NaN,NaN
2000,12,15,730835,NaN,NaN,NaN,NaN,NaN,NaN,NaN,NaN,NaN,NaN
2000,12,16,730836,NaN,NaN,NaN,NaN,NaN,NaN,NaN,NaN,NaN,NaN
2000,12,17,730837,NaN,NaN,NaN,NaN,NaN,NaN,NaN,NaN,NaN,NaN
2000,12,18,730838,NaN,NaN,NaN,NaN,NaN,NaN,NaN,NaN,NaN,NaN
2000,12,19,730839,NaN,NaN,NaN,NaN,NaN,NaN,NaN,NaN,NaN,NaN
2000,12,20,730840,NaN,NaN,NaN,NaN,NaN,NaN,NaN,NaN,NaN,NaN
2000,12,21,730841,NaN,NaN,NaN,NaN,NaN,NaN,NaN,NaN,NaN,NaN
2000,12,22,730842,NaN,NaN,NaN,NaN,NaN,NaN,NaN,NaN,NaN,NaN
2000,12,23,730843,NaN,NaN,NaN,NaN,NaN,NaN,NaN,NaN,NaN,NaN
2000,12,24,730844,NaN,NaN,NaN,NaN,NaN,NaN,NaN,NaN,NaN,NaN
2000,12,25,730845,NaN,NaN,NaN,NaN,NaN,NaN,NaN,NaN,NaN,NaN
2000,12,26,730846,NaN,NaN,NaN,NaN,NaN,NaN,NaN,NaN,NaN,NaN
2000,12,27,730847,NaN,NaN,NaN,NaN,NaN,NaN,NaN,NaN,NaN,NaN
2000,12,28,730848,NaN,NaN,NaN,NaN,NaN,NaN,NaN,NaN,NaN,NaN
2000,12,29,730849,NaN,NaN,NaN,NaN,NaN,NaN,NaN,NaN,NaN,NaN
2000,12,30,730850,NaN,NaN,NaN,NaN,NaN,NaN,NaN,NaN,NaN,NaN
2000,12,31,730851,NaN,NaN,NaN,NaN,NaN,NaN,NaN,NaN,NaN,NaN
2001,1,1,730852,NaN,NaN,NaN,NaN,NaN,NaN,NaN,NaN,NaN,NaN
2001,1,2,730853,NaN,NaN,NaN,NaN,NaN,NaN,NaN,NaN,NaN,NaN
2001,1,3,730854,NaN,NaN,NaN,NaN,NaN,NaN,NaN,NaN,NaN,NaN
2001,1,4,730855,NaN,NaN,NaN,NaN,NaN,NaN,NaN,NaN,NaN,NaN
2001,1,5,730856,NaN,NaN,NaN,NaN,NaN,NaN,NaN,NaN,NaN,NaN
2001,1,6,730857,NaN,NaN,NaN,NaN,NaN,NaN,NaN,NaN,NaN,NaN
2001,1,7,730858,NaN,NaN,NaN,NaN,NaN,NaN,NaN,NaN,NaN,NaN
2001,1,8,730859,NaN,NaN,NaN,NaN,NaN,NaN,NaN,NaN,NaN,NaN
2001,1,9,730860,NaN,NaN,NaN,NaN,NaN,NaN,NaN,NaN,NaN,NaN
2001,1,10,730861,NaN,NaN,NaN,NaN,NaN,NaN,NaN,NaN,NaN,NaN
2001,1,11,730862,NaN,NaN,NaN,NaN,NaN,NaN,NaN,NaN,NaN,NaN
2001,1,12,730863,NaN,NaN,NaN,NaN,NaN,NaN,NaN,NaN,NaN,NaN
2001,1,13,730864,NaN,NaN,NaN,NaN,NaN,NaN,NaN,NaN,NaN,NaN
2001,1,14,730865,NaN,NaN,NaN,NaN,NaN,NaN,NaN,NaN,NaN,NaN
2001,1,15,730866,NaN,NaN,NaN,NaN,NaN,NaN,NaN,NaN,NaN,NaN
2001,1,16,730867,NaN,NaN,NaN,NaN,NaN,NaN,NaN,NaN,NaN,NaN
2001,1,17,730868,NaN,NaN,NaN,NaN,NaN,NaN,NaN,NaN,NaN,NaN
2001,1,18,730869,NaN,NaN,NaN,NaN,NaN,NaN,NaN,NaN,NaN,NaN
2001,1,19,730870,NaN,NaN,NaN,NaN,NaN,NaN,NaN,NaN,NaN,NaN
2001,1,20,730871,NaN,NaN,NaN,NaN,NaN,NaN,NaN,NaN,NaN,NaN
2001,1,21,730872,NaN,NaN,NaN,NaN,NaN,NaN,NaN,NaN,NaN,NaN
2001,1,22,730873,NaN,NaN,NaN,NaN,NaN,NaN,NaN,NaN,NaN,NaN
2001,1,23,730874,NaN,NaN,NaN,NaN,NaN,NaN,NaN,NaN,NaN,NaN
2001,1,24,730875,NaN,NaN,NaN,NaN,NaN,NaN,NaN,NaN,NaN,NaN
2001,1,25,730876,NaN,NaN,NaN,NaN,NaN,NaN,NaN,NaN,NaN,NaN
2001,1,26,730877,NaN,NaN,NaN,NaN,NaN,NaN,NaN,NaN,NaN,NaN
2001,1,27,730878,NaN,NaN,NaN,NaN,NaN,NaN,NaN,NaN,NaN,NaN
2001,1,28,730879,NaN,NaN,NaN,NaN,NaN,NaN,NaN,NaN,NaN,NaN
2001,1,29,730880,NaN,NaN,NaN,NaN,NaN,NaN,NaN,NaN,NaN,NaN
2001,1,30,730881,NaN,NaN,NaN,NaN,NaN,NaN,NaN,NaN,NaN,NaN
2001,1,31,730882,NaN,NaN,NaN,NaN,NaN,NaN,NaN,NaN,NaN,NaN
2001,2,1,730883,NaN,NaN,NaN,NaN,NaN,NaN,NaN,NaN,NaN,NaN
2001,2,2,730884,NaN,NaN,NaN,NaN,NaN,NaN,NaN,NaN,NaN,NaN
2001,2,3,730885,NaN,NaN,NaN,NaN,NaN,NaN,NaN,NaN,NaN,NaN
2001,2,4,730886,NaN,NaN,NaN,NaN,NaN,NaN,NaN,NaN,NaN,NaN
2001,2,5,730887,NaN,NaN,NaN,NaN,NaN,NaN,NaN,NaN,NaN,NaN
2001,2,6,730888,NaN,NaN,NaN,NaN,NaN,NaN,NaN,NaN,NaN,NaN
2001,2,7,730889,NaN,NaN,NaN,NaN,NaN,NaN,NaN,NaN,NaN,NaN
2001,2,8,730890,NaN,NaN,NaN,NaN,NaN,NaN,NaN,NaN,NaN,NaN
2001,2,9,730891,NaN,NaN,NaN,NaN,NaN,NaN,NaN,NaN,NaN,NaN
2001,2,10,730892,NaN,NaN,NaN,NaN,NaN,NaN,NaN,NaN,NaN,NaN
2001,2,11,730893,NaN,NaN,NaN,NaN,NaN,NaN,NaN,NaN,NaN,NaN
2001,2,12,730894,NaN,NaN,NaN,NaN,NaN,NaN,NaN,NaN,NaN,NaN
2001,2,13,730895,NaN,NaN,NaN,NaN,NaN,NaN,NaN,NaN,NaN,NaN
2001,2,14,730896,NaN,NaN,NaN,NaN,NaN,NaN,NaN,NaN,NaN,NaN
2001,2,15,730897,NaN,NaN,NaN,NaN,NaN,NaN,NaN,NaN,NaN,NaN
2001,2,16,730898,NaN,NaN,NaN,NaN,NaN,NaN,NaN,NaN,NaN,NaN
2001,2,17,730899,NaN,NaN,NaN,NaN,NaN,NaN,NaN,NaN,NaN,NaN
2001,2,18,730900,NaN,NaN,NaN,NaN,NaN,NaN,NaN,NaN,NaN,NaN
2001,2,19,730901,NaN,NaN,NaN,NaN,NaN,NaN,NaN,NaN,NaN,NaN
2001,2,20,730902,NaN,NaN,NaN,NaN,NaN,NaN,NaN,NaN,NaN,NaN
2001,2,21,730903,NaN,NaN,NaN,NaN,NaN,NaN,NaN,NaN,NaN,NaN
2001,2,22,730904,NaN,NaN,NaN,NaN,NaN,NaN,NaN,NaN,NaN,NaN
2001,2,23,730905,NaN,NaN,NaN,NaN,NaN,NaN,NaN,NaN,NaN,NaN
2001,2,24,730906,NaN,NaN,NaN,NaN,NaN,NaN,NaN,NaN,NaN,NaN
2001,2,25,730907,NaN,NaN,NaN,NaN,NaN,NaN,NaN,NaN,NaN,NaN
2001,2,26,730908,NaN,NaN,NaN,NaN,NaN,NaN,NaN,NaN,NaN,NaN
2001,2,27,730909,NaN,NaN,NaN,NaN,NaN,NaN,NaN,NaN,NaN,NaN
2001,2,28,730910,NaN,NaN,NaN,NaN,NaN,NaN,NaN,NaN,NaN,NaN
2001,3,1,730911,NaN,NaN,NaN,NaN,NaN,NaN,NaN,NaN,NaN,NaN
2001,3,2,730912,NaN,NaN,NaN,NaN,NaN,NaN,NaN,NaN,NaN,NaN
2001,3,3,730913,NaN,NaN,NaN,NaN,NaN,NaN,NaN,NaN,NaN,NaN
2001,3,4,730914,NaN,NaN,NaN,NaN,NaN,NaN,NaN,NaN,NaN,NaN
2001,3,5,730915,NaN,NaN,NaN,NaN,NaN,NaN,NaN,NaN,NaN,NaN
2001,3,6,730916,NaN,NaN,NaN,NaN,NaN,NaN,NaN,NaN,NaN,NaN
2001,3,7,730917,NaN,NaN,NaN,NaN,NaN,NaN,NaN,NaN,NaN,NaN
2001,3,8,730918,NaN,NaN,NaN,NaN,NaN,NaN,NaN,NaN,NaN,NaN
2001,3,9,730919,NaN,NaN,NaN,NaN,NaN,NaN,NaN,NaN,NaN,NaN
2001,3,10,730920,NaN,NaN,NaN,NaN,NaN,NaN,NaN,NaN,NaN,NaN
2001,3,11,730921,NaN,NaN,NaN,NaN,NaN,NaN,NaN,NaN,NaN,NaN
2001,3,12,730922,NaN,NaN,NaN,NaN,NaN,NaN,NaN,NaN,NaN,NaN
2001,3,13,730923,NaN,NaN,NaN,NaN,NaN,NaN,NaN,NaN,NaN,NaN
2001,3,14,730924,NaN,NaN,NaN,NaN,NaN,NaN,NaN,NaN,NaN,NaN
2001,3,15,730925,NaN,NaN,NaN,NaN,NaN,NaN,NaN,NaN,NaN,NaN
2001,3,16,730926,NaN,NaN,NaN,NaN,NaN,NaN,NaN,NaN,NaN,NaN
2001,3,17,730927,NaN,NaN,NaN,NaN,NaN,NaN,NaN,NaN,NaN,NaN
2001,3,18,730928,NaN,NaN,NaN,NaN,NaN,NaN,NaN,NaN,NaN,NaN
2001,3,19,730929,NaN,NaN,NaN,NaN,NaN,NaN,NaN,NaN,NaN,NaN
2001,3,20,730930,NaN,NaN,NaN,NaN,NaN,NaN,NaN,NaN,NaN,NaN
2001,3,21,730931,NaN,NaN,NaN,NaN,NaN,NaN,NaN,NaN,NaN,NaN
2001,3,22,730932,NaN,NaN,NaN,NaN,NaN,NaN,NaN,NaN,NaN,NaN
2001,3,23,730933,NaN,NaN,NaN,NaN,NaN,NaN,NaN,NaN,NaN,NaN
2001,3,24,730934,NaN,NaN,NaN,NaN,NaN,NaN,NaN,NaN,NaN,NaN
2001,3,25,730935,NaN,NaN,NaN,NaN,NaN,NaN,NaN,NaN,NaN,NaN
2001,3,26,730936,NaN,NaN,NaN,NaN,NaN,NaN,NaN,NaN,NaN,NaN
2001,3,27,730937,NaN,NaN,NaN,NaN,NaN,NaN,NaN,NaN,NaN,NaN
2001,3,28,730938,NaN,NaN,NaN,NaN,NaN,NaN,NaN,NaN,NaN,NaN
2001,3,29,730939,NaN,NaN,NaN,NaN,NaN,NaN,NaN,NaN,NaN,NaN
2001,3,30,730940,NaN,NaN,NaN,NaN,NaN,NaN,NaN,NaN,NaN,NaN
2001,3,31,730941,NaN,NaN,NaN,NaN,NaN,NaN,NaN,NaN,NaN,NaN
2001,4,1,730942,NaN,NaN,NaN,NaN,NaN,NaN,NaN,NaN,NaN,NaN
2001,4,2,730943,NaN,NaN,NaN,NaN,NaN,NaN,NaN,NaN,NaN,NaN
2001,4,3,730944,NaN,NaN,NaN,NaN,NaN,NaN,NaN,NaN,NaN,NaN
2001,4,4,730945,NaN,NaN,NaN,NaN,NaN,NaN,NaN,NaN,NaN,NaN
2001,4,5,730946,NaN,NaN,NaN,NaN,NaN,NaN,NaN,NaN,NaN,NaN
2001,4,6,730947,NaN,NaN,NaN,NaN,NaN,NaN,NaN,NaN,NaN,NaN
2001,4,7,730948,NaN,NaN,NaN,NaN,NaN,NaN,NaN,NaN,NaN,NaN
2001,4,8,730949,NaN,NaN,NaN,NaN,NaN,NaN,NaN,NaN,NaN,NaN
2001,4,9,730950,NaN,NaN,NaN,NaN,NaN,NaN,NaN,NaN,NaN,NaN
2001,4,10,730951,NaN,NaN,NaN,NaN,NaN,NaN,NaN,NaN,NaN,NaN
2001,4,11,730952,NaN,NaN,NaN,NaN,NaN,NaN,NaN,NaN,NaN,NaN
2001,4,12,730953,NaN,NaN,NaN,NaN,NaN,NaN,NaN,NaN,NaN,NaN
2001,4,13,730954,NaN,NaN,NaN,NaN,NaN,NaN,NaN,NaN,NaN,NaN
2001,4,14,730955,NaN,NaN,NaN,NaN,NaN,NaN,NaN,NaN,NaN,NaN
2001,4,15,730956,NaN,NaN,NaN,NaN,NaN,NaN,NaN,NaN,NaN,NaN
2001,4,16,730957,NaN,NaN,NaN,NaN,NaN,NaN,NaN,NaN,NaN,NaN
2001,4,17,730958,NaN,NaN,NaN,NaN,NaN,NaN,NaN,NaN,NaN,NaN
2001,4,18,730959,NaN,NaN,NaN,NaN,NaN,NaN,NaN,NaN,NaN,NaN
2001,4,19,730960,NaN,NaN,NaN,NaN,NaN,NaN,NaN,NaN,NaN,NaN
2001,4,20,730961,NaN,NaN,NaN,NaN,NaN,NaN,NaN,NaN,NaN,NaN
2001,4,21,730962,NaN,NaN,NaN,NaN,NaN,NaN,NaN,NaN,NaN,NaN
2001,4,22,730963,NaN,NaN,NaN,NaN,NaN,NaN,NaN,NaN,NaN,NaN
2001,4,23,730964,NaN,NaN,NaN,NaN,NaN,NaN,NaN,NaN,NaN,NaN
2001,4,24,730965,NaN,NaN,NaN,NaN,NaN,NaN,NaN,NaN,NaN,NaN
2001,4,25,730966,NaN,NaN,NaN,NaN,NaN,NaN,NaN,NaN,NaN,NaN
2001,4,26,730967,NaN,NaN,NaN,NaN,NaN,NaN,NaN,NaN,NaN,NaN
2001,4,27,730968,NaN,NaN,NaN,NaN,NaN,NaN,NaN,NaN,NaN,NaN
2001,4,28,730969,NaN,NaN,NaN,NaN,NaN,NaN,NaN,NaN,NaN,NaN
2001,4,29,730970,NaN,NaN,NaN,NaN,NaN,NaN,NaN,NaN,NaN,NaN
2001,4,30,730971,NaN,NaN,NaN,NaN,NaN,NaN,NaN,NaN,NaN,NaN
2001,5,1,730972,NaN,NaN,NaN,NaN,NaN,NaN,NaN,NaN,NaN,NaN
2001,5,2,730973,NaN,NaN,NaN,NaN,NaN,NaN,NaN,NaN,NaN,NaN
2001,5,3,730974,NaN,NaN,NaN,NaN,NaN,NaN,NaN,NaN,NaN,NaN
2001,5,4,730975,NaN,NaN,NaN,NaN,NaN,NaN,NaN,NaN,NaN,NaN
2001,5,5,730976,NaN,NaN,NaN,NaN,NaN,NaN,NaN,NaN,NaN,NaN
2001,5,6,730977,NaN,NaN,NaN,NaN,NaN,NaN,NaN,NaN,NaN,NaN
2001,5,7,730978,NaN,NaN,NaN,NaN,NaN,NaN,NaN,NaN,NaN,NaN
2001,5,8,730979,NaN,NaN,NaN,NaN,NaN,NaN,NaN,NaN,NaN,NaN
2001,5,9,730980,NaN,NaN,NaN,NaN,NaN,NaN,NaN,NaN,NaN,NaN
2001,5,10,730981,NaN,NaN,NaN,NaN,NaN,NaN,NaN,NaN,NaN,NaN
2001,5,11,730982,NaN,NaN,NaN,NaN,NaN,NaN,NaN,NaN,NaN,NaN
2001,5,12,730983,NaN,NaN,NaN,NaN,NaN,NaN,NaN,NaN,NaN,NaN
2001,5,13,730984,NaN,NaN,NaN,NaN,NaN,NaN,NaN,NaN,NaN,NaN
2001,5,14,730985,NaN,NaN,NaN,NaN,NaN,NaN,NaN,NaN,NaN,NaN
2001,5,15,730986,NaN,NaN,NaN,NaN,NaN,NaN,NaN,NaN,NaN,NaN
2001,5,16,730987,NaN,NaN,NaN,NaN,NaN,NaN,NaN,NaN,NaN,NaN
2001,5,17,730988,NaN,NaN,NaN,NaN,NaN,NaN,NaN,NaN,NaN,NaN
2001,5,18,730989,NaN,NaN,NaN,NaN,NaN,NaN,NaN,NaN,NaN,NaN
2001,5,19,730990,NaN,NaN,NaN,NaN,NaN,NaN,NaN,NaN,NaN,NaN
2001,5,20,730991,NaN,NaN,NaN,NaN,NaN,NaN,NaN,NaN,NaN,NaN
2001,5,21,730992,NaN,NaN,NaN,NaN,NaN,NaN,NaN,NaN,NaN,NaN
2001,5,22,730993,NaN,NaN,NaN,NaN,NaN,NaN,NaN,NaN,NaN,NaN
2001,5,23,730994,NaN,NaN,NaN,NaN,NaN,NaN,NaN,NaN,NaN,NaN
2001,5,24,730995,NaN,NaN,NaN,NaN,NaN,NaN,NaN,NaN,NaN,NaN
2001,5,25,730996,NaN,NaN,NaN,NaN,NaN,NaN,NaN,NaN,NaN,NaN
2001,5,26,730997,NaN,NaN,NaN,NaN,NaN,NaN,NaN,NaN,NaN,NaN
2001,5,27,730998,NaN,NaN,NaN,NaN,NaN,NaN,NaN,NaN,NaN,NaN
2001,5,28,730999,NaN,NaN,NaN,NaN,NaN,NaN,NaN,NaN,NaN,NaN
2001,5,29,731000,NaN,NaN,NaN,NaN,NaN,NaN,NaN,NaN,NaN,NaN
2001,5,30,731001,NaN,NaN,NaN,NaN,NaN,NaN,NaN,NaN,NaN,NaN
2001,5,31,731002,NaN,NaN,NaN,NaN,NaN,NaN,NaN,NaN,NaN,NaN
2001,6,1,731003,NaN,NaN,NaN,NaN,NaN,NaN,NaN,NaN,NaN,NaN
2001,6,2,731004,NaN,NaN,NaN,NaN,NaN,NaN,NaN,NaN,NaN,NaN
2001,6,3,731005,NaN,NaN,NaN,NaN,NaN,NaN,NaN,NaN,NaN,NaN
2001,6,4,731006,NaN,NaN,NaN,NaN,NaN,NaN,NaN,NaN,NaN,NaN
2001,6,5,731007,NaN,NaN,NaN,NaN,NaN,NaN,NaN,NaN,NaN,NaN
2001,6,6,731008,NaN,NaN,NaN,NaN,NaN,NaN,NaN,NaN,NaN,NaN
2001,6,7,731009,NaN,NaN,NaN,NaN,NaN,NaN,NaN,NaN,NaN,NaN
2001,6,8,731010,NaN,NaN,NaN,NaN,NaN,NaN,NaN,NaN,NaN,NaN
2001,6,9,731011,NaN,NaN,NaN,NaN,NaN,NaN,NaN,NaN,NaN,NaN
2001,6,10,731012,NaN,NaN,NaN,NaN,NaN,NaN,NaN,NaN,NaN,NaN
2001,6,11,731013,NaN,NaN,NaN,NaN,NaN,NaN,NaN,NaN,NaN,NaN
2001,6,12,731014,NaN,NaN,NaN,NaN,NaN,NaN,NaN,NaN,NaN,NaN
2001,6,13,731015,NaN,NaN,NaN,NaN,NaN,NaN,NaN,NaN,NaN,NaN
2001,6,14,731016,NaN,NaN,NaN,NaN,NaN,NaN,NaN,NaN,NaN,NaN
2001,6,15,731017,NaN,NaN,NaN,NaN,NaN,NaN,NaN,NaN,NaN,NaN
2001,6,16,731018,NaN,NaN,NaN,NaN,NaN,NaN,NaN,NaN,NaN,NaN
2001,6,17,731019,NaN,NaN,NaN,NaN,NaN,NaN,NaN,NaN,NaN,NaN
2001,6,18,731020,NaN,NaN,NaN,NaN,NaN,NaN,NaN,NaN,NaN,NaN
2001,6,19,731021,NaN,NaN,NaN,NaN,NaN,NaN,NaN,NaN,NaN,NaN
2001,6,20,731022,NaN,NaN,NaN,NaN,NaN,NaN,NaN,NaN,NaN,NaN
2001,6,21,731023,NaN,NaN,NaN,NaN,NaN,NaN,NaN,NaN,NaN,NaN
2001,6,22,731024,NaN,NaN,NaN,NaN,NaN,NaN,NaN,NaN,NaN,NaN
2001,6,23,731025,NaN,NaN,NaN,NaN,NaN,NaN,NaN,NaN,NaN,NaN
2001,6,24,731026,NaN,NaN,NaN,NaN,NaN,NaN,NaN,NaN,NaN,NaN
2001,6,25,731027,NaN,NaN,NaN,NaN,NaN,NaN,NaN,NaN,NaN,NaN
2001,6,26,731028,NaN,NaN,NaN,NaN,NaN,NaN,NaN,NaN,NaN,NaN
2001,6,27,731029,NaN,NaN,NaN,NaN,NaN,NaN,NaN,NaN,NaN,NaN
2001,6,28,731030,NaN,NaN,NaN,NaN,NaN,NaN,NaN,NaN,NaN,NaN
2001,6,29,731031,NaN,NaN,NaN,NaN,NaN,NaN,NaN,NaN,NaN,NaN
2001,6,30,731032,NaN,NaN,NaN,NaN,NaN,NaN,NaN,NaN,NaN,NaN
2001,7,1,731033,NaN,NaN,NaN,NaN,NaN,NaN,NaN,NaN,NaN,NaN
2001,7,2,731034,NaN,NaN,NaN,NaN,NaN,NaN,NaN,NaN,NaN,NaN
2001,7,3,731035,NaN,NaN,NaN,NaN,NaN,NaN,NaN,NaN,NaN,NaN
2001,7,4,731036,NaN,NaN,NaN,NaN,NaN,NaN,NaN,NaN,NaN,NaN
2001,7,5,731037,NaN,NaN,NaN,NaN,NaN,NaN,NaN,NaN,NaN,NaN
2001,7,6,731038,NaN,NaN,NaN,NaN,NaN,NaN,NaN,NaN,NaN,NaN
2001,7,7,731039,NaN,NaN,NaN,NaN,NaN,NaN,NaN,NaN,NaN,NaN
2001,7,8,731040,NaN,NaN,NaN,NaN,NaN,NaN,NaN,NaN,NaN,NaN
2001,7,9,731041,NaN,NaN,NaN,NaN,NaN,NaN,NaN,NaN,NaN,NaN
2001,7,10,731042,NaN,NaN,NaN,NaN,NaN,NaN,NaN,NaN,NaN,NaN
2001,7,11,731043,NaN,NaN,NaN,NaN,NaN,NaN,NaN,NaN,NaN,NaN
2001,7,12,731044,NaN,NaN,NaN,NaN,NaN,NaN,NaN,NaN,NaN,NaN
2001,7,13,731045,NaN,NaN,NaN,NaN,NaN,NaN,NaN,NaN,NaN,NaN
2001,7,14,731046,NaN,NaN,NaN,NaN,NaN,NaN,NaN,NaN,NaN,NaN
2001,7,15,731047,NaN,NaN,NaN,NaN,NaN,NaN,NaN,NaN,NaN,NaN
2001,7,16,731048,NaN,NaN,NaN,NaN,NaN,NaN,NaN,NaN,NaN,NaN
2001,7,17,731049,NaN,NaN,NaN,NaN,NaN,NaN,NaN,NaN,NaN,NaN
2001,7,18,731050,NaN,NaN,NaN,NaN,NaN,NaN,NaN,NaN,NaN,NaN
2001,7,19,731051,NaN,NaN,NaN,NaN,NaN,NaN,NaN,NaN,NaN,NaN
2001,7,20,731052,NaN,NaN,NaN,NaN,NaN,NaN,NaN,NaN,NaN,NaN
2001,7,21,731053,NaN,NaN,NaN,NaN,NaN,NaN,NaN,NaN,NaN,NaN
2001,7,22,731054,NaN,NaN,NaN,NaN,NaN,NaN,NaN,NaN,NaN,NaN
2001,7,23,731055,NaN,NaN,NaN,NaN,NaN,NaN,NaN,NaN,NaN,NaN
2001,7,24,731056,NaN,NaN,NaN,NaN,NaN,NaN,NaN,NaN,NaN,NaN
2001,7,25,731057,NaN,NaN,NaN,NaN,NaN,NaN,NaN,NaN,NaN,NaN
2001,7,26,731058,NaN,NaN,NaN,NaN,NaN,NaN,NaN,NaN,NaN,NaN
2001,7,27,731059,NaN,NaN,NaN,NaN,NaN,NaN,NaN,NaN,NaN,NaN
2001,7,28,731060,NaN,NaN,NaN,NaN,NaN,NaN,NaN,NaN,NaN,NaN
2001,7,29,731061,NaN,NaN,NaN,NaN,NaN,NaN,NaN,NaN,NaN,NaN
2001,7,30,731062,NaN,NaN,NaN,NaN,NaN,NaN,NaN,NaN,NaN,NaN
2001,7,31,731063,NaN,NaN,NaN,NaN,NaN,NaN,NaN,NaN,NaN,NaN
2001,8,1,731064,NaN,NaN,NaN,NaN,NaN,NaN,NaN,NaN,NaN,NaN
2001,8,2,731065,NaN,NaN,NaN,NaN,NaN,NaN,NaN,NaN,NaN,NaN
2001,8,3,731066,NaN,NaN,NaN,NaN,NaN,NaN,NaN,NaN,NaN,NaN
2001,8,4,731067,NaN,NaN,NaN,NaN,NaN,NaN,NaN,NaN,NaN,NaN
2001,8,5,731068,NaN,NaN,NaN,NaN,NaN,NaN,NaN,NaN,NaN,NaN
2001,8,6,731069,NaN,NaN,NaN,NaN,NaN,NaN,NaN,NaN,NaN,NaN
2001,8,7,731070,NaN,NaN,NaN,NaN,NaN,NaN,NaN,NaN,NaN,NaN
2001,8,8,731071,NaN,NaN,NaN,NaN,NaN,NaN,NaN,NaN,NaN,NaN
2001,8,9,731072,NaN,NaN,NaN,NaN,NaN,NaN,NaN,NaN,NaN,NaN
2001,8,10,731073,NaN,NaN,NaN,NaN,NaN,NaN,NaN,NaN,NaN,NaN
2001,8,11,731074,NaN,NaN,NaN,NaN,NaN,NaN,NaN,NaN,NaN,NaN
2001,8,12,731075,NaN,NaN,NaN,NaN,NaN,NaN,NaN,NaN,NaN,NaN
2001,8,13,731076,NaN,NaN,NaN,NaN,NaN,NaN,NaN,NaN,NaN,NaN
2001,8,14,731077,NaN,NaN,NaN,NaN,NaN,NaN,NaN,NaN,NaN,NaN
2001,8,15,731078,NaN,NaN,NaN,NaN,NaN,NaN,NaN,NaN,NaN,NaN
2001,8,16,731079,NaN,NaN,NaN,NaN,NaN,NaN,NaN,NaN,NaN,NaN
2001,8,17,731080,NaN,NaN,NaN,NaN,NaN,NaN,NaN,NaN,NaN,NaN
2001,8,18,731081,NaN,NaN,NaN,NaN,NaN,NaN,NaN,NaN,NaN,NaN
2001,8,19,731082,NaN,NaN,NaN,NaN,NaN,NaN,NaN,NaN,NaN,NaN
2001,8,20,731083,NaN,NaN,NaN,NaN,NaN,NaN,NaN,NaN,NaN,NaN
2001,8,21,731084,NaN,NaN,NaN,NaN,NaN,NaN,NaN,NaN,NaN,NaN
2001,8,22,731085,NaN,NaN,NaN,NaN,NaN,NaN,NaN,NaN,NaN,NaN
2001,8,23,731086,NaN,NaN,NaN,NaN,NaN,NaN,NaN,NaN,NaN,NaN
2001,8,24,731087,NaN,NaN,NaN,NaN,NaN,NaN,NaN,NaN,NaN,NaN
2001,8,25,731088,NaN,NaN,NaN,NaN,NaN,NaN,NaN,NaN,NaN,NaN
2001,8,26,731089,NaN,NaN,NaN,NaN,NaN,NaN,NaN,NaN,NaN,NaN
2001,8,27,731090,NaN,NaN,NaN,NaN,NaN,NaN,NaN,NaN,NaN,NaN
2001,8,28,731091,NaN,NaN,NaN,NaN,NaN,NaN,NaN,NaN,NaN,NaN
2001,8,29,731092,NaN,NaN,NaN,NaN,NaN,NaN,NaN,NaN,NaN,NaN
2001,8,30,731093,NaN,NaN,NaN,NaN,NaN,NaN,NaN,NaN,NaN,NaN
2001,8,31,731094,NaN,NaN,NaN,NaN,NaN,NaN,NaN,NaN,NaN,NaN
2001,9,1,731095,NaN,NaN,NaN,NaN,NaN,NaN,NaN,NaN,NaN,NaN
2001,9,2,731096,NaN,NaN,NaN,NaN,NaN,NaN,NaN,NaN,NaN,NaN
2001,9,3,731097,NaN,NaN,NaN,NaN,NaN,NaN,NaN,NaN,NaN,NaN
2001,9,4,731098,NaN,NaN,NaN,NaN,NaN,NaN,NaN,NaN,NaN,NaN
2001,9,5,731099,NaN,NaN,NaN,NaN,NaN,NaN,NaN,NaN,NaN,NaN
2001,9,6,731100,NaN,NaN,NaN,NaN,NaN,NaN,NaN,NaN,NaN,NaN
2001,9,7,731101,NaN,NaN,NaN,NaN,NaN,NaN,NaN,NaN,NaN,NaN
2001,9,8,731102,NaN,NaN,NaN,NaN,NaN,NaN,NaN,NaN,NaN,NaN
2001,9,9,731103,NaN,NaN,NaN,NaN,NaN,NaN,NaN,NaN,NaN,NaN
2001,9,10,731104,NaN,NaN,NaN,NaN,NaN,NaN,NaN,NaN,NaN,NaN
2001,9,11,731105,NaN,NaN,NaN,NaN,NaN,NaN,NaN,NaN,NaN,NaN
2001,9,12,731106,NaN,NaN,NaN,NaN,NaN,NaN,NaN,NaN,NaN,NaN
2001,9,13,731107,NaN,NaN,NaN,NaN,NaN,NaN,NaN,NaN,NaN,NaN
2001,9,14,731108,NaN,NaN,NaN,NaN,NaN,NaN,NaN,NaN,NaN,NaN
2001,9,15,731109,NaN,NaN,NaN,NaN,NaN,NaN,NaN,NaN,NaN,NaN
2001,9,16,731110,NaN,NaN,NaN,NaN,NaN,NaN,NaN,NaN,NaN,NaN
2001,9,17,731111,NaN,NaN,NaN,NaN,NaN,NaN,NaN,NaN,NaN,NaN
2001,9,18,731112,NaN,NaN,NaN,NaN,NaN,NaN,NaN,NaN,NaN,NaN
2001,9,19,731113,NaN,NaN,NaN,NaN,NaN,NaN,NaN,NaN,NaN,NaN
2001,9,20,731114,NaN,NaN,NaN,NaN,NaN,NaN,NaN,NaN,NaN,NaN
2001,9,21,731115,NaN,NaN,NaN,NaN,NaN,NaN,NaN,NaN,NaN,NaN
2001,9,22,731116,NaN,NaN,NaN,NaN,NaN,NaN,NaN,NaN,NaN,NaN
2001,9,23,731117,NaN,NaN,NaN,NaN,NaN,NaN,NaN,NaN,NaN,NaN
2001,9,24,731118,NaN,NaN,NaN,NaN,NaN,NaN,NaN,NaN,NaN,NaN
2001,9,25,731119,NaN,NaN,NaN,NaN,NaN,NaN,NaN,NaN,NaN,NaN
2001,9,26,731120,NaN,NaN,NaN,NaN,NaN,NaN,NaN,NaN,NaN,NaN
2001,9,27,731121,NaN,NaN,NaN,NaN,NaN,NaN,NaN,NaN,NaN,NaN
2001,9,28,731122,NaN,NaN,NaN,NaN,NaN,NaN,NaN,NaN,NaN,NaN
2001,9,29,731123,NaN,NaN,NaN,NaN,NaN,NaN,NaN,NaN,NaN,NaN
2001,9,30,731124,NaN,NaN,NaN,NaN,NaN,NaN,NaN,NaN,NaN,NaN
2001,10,1,731125,NaN,NaN,NaN,NaN,NaN,NaN,NaN,NaN,NaN,NaN
2001,10,2,731126,NaN,NaN,NaN,NaN,NaN,NaN,NaN,NaN,NaN,NaN
2001,10,3,731127,NaN,NaN,NaN,NaN,NaN,NaN,NaN,NaN,NaN,NaN
2001,10,4,731128,NaN,NaN,NaN,NaN,NaN,NaN,NaN,NaN,NaN,NaN
2001,10,5,731129,NaN,NaN,NaN,NaN,NaN,NaN,NaN,NaN,NaN,NaN
2001,10,6,731130,NaN,NaN,NaN,NaN,NaN,NaN,NaN,NaN,NaN,NaN
2001,10,7,731131,NaN,NaN,NaN,NaN,NaN,NaN,NaN,NaN,NaN,NaN
2001,10,8,731132,NaN,NaN,NaN,NaN,NaN,NaN,NaN,NaN,NaN,NaN
2001,10,9,731133,NaN,NaN,NaN,NaN,NaN,NaN,NaN,NaN,NaN,NaN
2001,10,10,731134,NaN,NaN,NaN,NaN,NaN,NaN,NaN,NaN,NaN,NaN
2001,10,11,731135,NaN,NaN,NaN,NaN,NaN,NaN,NaN,NaN,NaN,NaN
2001,10,12,731136,NaN,NaN,NaN,NaN,NaN,NaN,NaN,NaN,NaN,NaN
2001,10,13,731137,NaN,NaN,NaN,NaN,NaN,NaN,NaN,NaN,NaN,NaN
2001,10,14,731138,NaN,NaN,NaN,NaN,NaN,NaN,NaN,NaN,NaN,NaN
2001,10,15,731139,NaN,NaN,NaN,NaN,NaN,NaN,NaN,NaN,NaN,NaN
2001,10,16,731140,NaN,NaN,NaN,NaN,NaN,NaN,NaN,NaN,NaN,NaN
2001,10,17,731141,NaN,NaN,NaN,NaN,NaN,NaN,NaN,NaN,NaN,NaN
2001,10,18,731142,NaN,NaN,NaN,NaN,NaN,NaN,NaN,NaN,NaN,NaN
2001,10,19,731143,NaN,NaN,NaN,NaN,NaN,NaN,NaN,NaN,NaN,NaN
2001,10,20,731144,NaN,NaN,NaN,NaN,NaN,NaN,NaN,NaN,NaN,NaN
2001,10,21,731145,NaN,NaN,NaN,NaN,NaN,NaN,NaN,NaN,NaN,NaN
2001,10,22,731146,NaN,NaN,NaN,NaN,NaN,NaN,NaN,NaN,NaN,NaN
2001,10,23,731147,NaN,NaN,NaN,NaN,NaN,NaN,NaN,NaN,NaN,NaN
2001,10,24,731148,NaN,NaN,NaN,NaN,NaN,NaN,NaN,NaN,NaN,NaN
2001,10,25,731149,NaN,NaN,NaN,NaN,NaN,NaN,NaN,NaN,NaN,NaN
2001,10,26,731150,NaN,NaN,NaN,NaN,NaN,NaN,NaN,NaN,NaN,NaN
2001,10,27,731151,NaN,NaN,NaN,NaN,NaN,NaN,NaN,NaN,NaN,NaN
2001,10,28,731152,NaN,NaN,NaN,NaN,NaN,NaN,NaN,NaN,NaN,NaN
2001,10,29,731153,NaN,NaN,NaN,NaN,NaN,NaN,NaN,NaN,NaN,NaN
2001,10,30,731154,NaN,NaN,NaN,NaN,NaN,NaN,NaN,NaN,NaN,NaN
2001,10,31,731155,NaN,NaN,NaN,NaN,NaN,NaN,NaN,NaN,NaN,NaN
2001,11,1,731156,NaN,NaN,NaN,NaN,NaN,NaN,NaN,NaN,NaN,NaN
2001,11,2,731157,NaN,NaN,NaN,NaN,NaN,NaN,NaN,NaN,NaN,NaN
2001,11,3,731158,NaN,NaN,NaN,NaN,NaN,NaN,NaN,NaN,NaN,NaN
2001,11,4,731159,NaN,NaN,NaN,NaN,NaN,NaN,NaN,NaN,NaN,NaN
2001,11,5,731160,NaN,NaN,NaN,NaN,NaN,NaN,NaN,NaN,NaN,NaN
2001,11,6,731161,NaN,NaN,NaN,NaN,NaN,NaN,NaN,NaN,NaN,NaN
2001,11,7,731162,NaN,NaN,NaN,NaN,NaN,NaN,NaN,NaN,NaN,NaN
2001,11,8,731163,NaN,NaN,NaN,NaN,NaN,NaN,NaN,NaN,NaN,NaN
2001,11,9,731164,NaN,NaN,NaN,NaN,NaN,NaN,NaN,NaN,NaN,NaN
2001,11,10,731165,NaN,NaN,NaN,NaN,NaN,NaN,NaN,NaN,NaN,NaN
2001,11,11,731166,NaN,NaN,NaN,NaN,NaN,NaN,NaN,NaN,NaN,NaN
2001,11,12,731167,NaN,NaN,NaN,NaN,NaN,NaN,NaN,NaN,NaN,NaN
2001,11,13,731168,NaN,NaN,NaN,NaN,NaN,NaN,NaN,NaN,NaN,NaN
2001,11,14,731169,NaN,NaN,NaN,NaN,NaN,NaN,NaN,NaN,NaN,NaN
2001,11,15,731170,NaN,NaN,NaN,NaN,NaN,NaN,NaN,NaN,NaN,NaN
2001,11,16,731171,NaN,NaN,NaN,NaN,NaN,NaN,NaN,NaN,NaN,NaN
2001,11,17,731172,NaN,NaN,NaN,NaN,NaN,NaN,NaN,NaN,NaN,NaN
2001,11,18,731173,NaN,NaN,NaN,NaN,NaN,NaN,NaN,NaN,NaN,NaN
2001,11,19,731174,NaN,NaN,NaN,NaN,NaN,NaN,NaN,NaN,NaN,NaN
2001,11,20,731175,NaN,NaN,NaN,NaN,NaN,NaN,NaN,NaN,NaN,NaN
2001,11,21,731176,NaN,NaN,NaN,NaN,NaN,NaN,NaN,NaN,NaN,NaN
2001,11,22,731177,NaN,NaN,NaN,NaN,NaN,NaN,NaN,NaN,NaN,NaN
2001,11,23,731178,NaN,NaN,NaN,NaN,NaN,NaN,NaN,NaN,NaN,NaN
2001,11,24,731179,NaN,NaN,NaN,NaN,NaN,NaN,NaN,NaN,NaN,NaN
2001,11,25,731180,NaN,NaN,NaN,NaN,NaN,NaN,NaN,NaN,NaN,NaN
2001,11,26,731181,NaN,NaN,NaN,NaN,NaN,NaN,NaN,NaN,NaN,NaN
2001,11,27,731182,NaN,NaN,NaN,NaN,NaN,NaN,NaN,NaN,NaN,NaN
2001,11,28,731183,NaN,NaN,NaN,NaN,NaN,NaN,NaN,NaN,NaN,NaN
2001,11,29,731184,NaN,NaN,NaN,NaN,NaN,NaN,NaN,NaN,NaN,NaN
2001,11,30,731185,NaN,NaN,NaN,NaN,NaN,NaN,NaN,NaN,NaN,NaN
2001,12,1,731186,NaN,NaN,NaN,NaN,NaN,NaN,NaN,NaN,NaN,NaN
2001,12,2,731187,NaN,NaN,NaN,NaN,NaN,NaN,NaN,NaN,NaN,NaN
2001,12,3,731188,NaN,NaN,NaN,NaN,NaN,NaN,NaN,NaN,NaN,NaN
2001,12,4,731189,NaN,NaN,NaN,NaN,NaN,NaN,NaN,NaN,NaN,NaN
2001,12,5,731190,NaN,NaN,NaN,NaN,NaN,NaN,NaN,NaN,NaN,NaN
2001,12,6,731191,NaN,NaN,NaN,NaN,NaN,NaN,NaN,NaN,NaN,NaN
2001,12,7,731192,NaN,NaN,NaN,NaN,NaN,NaN,NaN,NaN,NaN,NaN
2001,12,8,731193,NaN,NaN,NaN,NaN,NaN,NaN,NaN,NaN,NaN,NaN
2001,12,9,731194,NaN,NaN,NaN,NaN,NaN,NaN,NaN,NaN,NaN,NaN
2001,12,10,731195,NaN,NaN,NaN,NaN,NaN,NaN,NaN,NaN,NaN,NaN
2001,12,11,731196,NaN,NaN,NaN,NaN,NaN,NaN,NaN,NaN,NaN,NaN
2001,12,12,731197,NaN,NaN,NaN,NaN,NaN,NaN,NaN,NaN,NaN,NaN
2001,12,13,731198,NaN,NaN,NaN,NaN,NaN,NaN,NaN,NaN,NaN,NaN
2001,12,14,731199,NaN,NaN,NaN,NaN,NaN,NaN,NaN,NaN,NaN,NaN
2001,12,15,731200,NaN,NaN,NaN,NaN,NaN,NaN,NaN,NaN,NaN,NaN
2001,12,16,731201,NaN,NaN,NaN,NaN,NaN,NaN,NaN,NaN,NaN,NaN
2001,12,17,731202,NaN,NaN,NaN,NaN,NaN,NaN,NaN,NaN,NaN,NaN
2001,12,18,731203,NaN,NaN,NaN,NaN,NaN,NaN,NaN,NaN,NaN,NaN
2001,12,19,731204,NaN,NaN,NaN,NaN,NaN,NaN,NaN,NaN,NaN,NaN
2001,12,20,731205,NaN,NaN,NaN,NaN,NaN,NaN,NaN,NaN,NaN,NaN
2001,12,21,731206,NaN,NaN,NaN,NaN,NaN,NaN,NaN,NaN,NaN,NaN
2001,12,22,731207,NaN,NaN,NaN,NaN,NaN,NaN,NaN,NaN,NaN,NaN
2001,12,23,731208,NaN,NaN,NaN,NaN,NaN,NaN,NaN,NaN,NaN,NaN
2001,12,24,731209,NaN,NaN,NaN,NaN,NaN,NaN,NaN,NaN,NaN,NaN
2001,12,25,731210,NaN,NaN,NaN,NaN,NaN,NaN,NaN,NaN,NaN,NaN
2001,12,26,731211,NaN,NaN,NaN,NaN,NaN,NaN,NaN,NaN,NaN,NaN
2001,12,27,731212,NaN,NaN,NaN,NaN,NaN,NaN,NaN,NaN,NaN,NaN
2001,12,28,731213,NaN,NaN,NaN,NaN,NaN,NaN,NaN,NaN,NaN,NaN
2001,12,29,731214,NaN,NaN,NaN,NaN,NaN,NaN,NaN,NaN,NaN,NaN
2001,12,30,731215,NaN,NaN,NaN,NaN,NaN,NaN,NaN,NaN,NaN,NaN
2001,12,31,731216,NaN,NaN,NaN,NaN,NaN,NaN,NaN,NaN,NaN,NaN
2002,1,1,731217,NaN,NaN,NaN,NaN,NaN,NaN,NaN,NaN,NaN,NaN
2002,1,2,731218,NaN,NaN,NaN,NaN,NaN,NaN,NaN,NaN,NaN,NaN
2002,1,3,731219,NaN,NaN,NaN,NaN,NaN,NaN,NaN,NaN,NaN,NaN
2002,1,4,731220,NaN,NaN,NaN,NaN,NaN,NaN,NaN,NaN,NaN,NaN
2002,1,5,731221,NaN,NaN,NaN,NaN,NaN,NaN,NaN,NaN,NaN,NaN
2002,1,6,731222,NaN,NaN,NaN,NaN,NaN,NaN,NaN,NaN,NaN,NaN
2002,1,7,731223,NaN,NaN,NaN,NaN,NaN,NaN,NaN,NaN,NaN,NaN
2002,1,8,731224,NaN,NaN,NaN,NaN,NaN,NaN,NaN,NaN,NaN,NaN
2002,1,9,731225,NaN,NaN,NaN,NaN,NaN,NaN,NaN,NaN,NaN,NaN
2002,1,10,731226,NaN,NaN,NaN,NaN,NaN,NaN,NaN,NaN,NaN,NaN
2002,1,11,731227,NaN,NaN,NaN,NaN,NaN,NaN,NaN,NaN,NaN,NaN
2002,1,12,731228,NaN,NaN,NaN,NaN,NaN,NaN,NaN,NaN,NaN,NaN
2002,1,13,731229,NaN,NaN,NaN,NaN,NaN,NaN,NaN,NaN,NaN,NaN
2002,1,14,731230,NaN,NaN,NaN,NaN,NaN,NaN,NaN,NaN,NaN,NaN
2002,1,15,731231,NaN,NaN,NaN,NaN,NaN,NaN,NaN,NaN,NaN,NaN
2002,1,16,731232,NaN,NaN,NaN,NaN,NaN,NaN,NaN,NaN,NaN,NaN
2002,1,17,731233,NaN,NaN,NaN,NaN,NaN,NaN,NaN,NaN,NaN,NaN
2002,1,18,731234,NaN,NaN,NaN,NaN,NaN,NaN,NaN,NaN,NaN,NaN
2002,1,19,731235,NaN,NaN,NaN,NaN,NaN,NaN,NaN,NaN,NaN,NaN
2002,1,20,731236,NaN,NaN,NaN,NaN,NaN,NaN,NaN,NaN,NaN,NaN
2002,1,21,731237,NaN,NaN,NaN,NaN,NaN,NaN,NaN,NaN,NaN,NaN
2002,1,22,731238,NaN,NaN,NaN,NaN,NaN,NaN,NaN,NaN,NaN,NaN
2002,1,23,731239,NaN,NaN,NaN,NaN,NaN,NaN,NaN,NaN,NaN,NaN
2002,1,24,731240,NaN,NaN,NaN,NaN,NaN,NaN,NaN,NaN,NaN,NaN
2002,1,25,731241,NaN,NaN,NaN,NaN,NaN,NaN,NaN,NaN,NaN,NaN
2002,1,26,731242,NaN,NaN,NaN,NaN,NaN,NaN,NaN,NaN,NaN,NaN
2002,1,27,731243,NaN,NaN,NaN,NaN,NaN,NaN,NaN,NaN,NaN,NaN
2002,1,28,731244,NaN,NaN,NaN,NaN,NaN,NaN,NaN,NaN,NaN,NaN
2002,1,29,731245,NaN,NaN,NaN,NaN,NaN,NaN,NaN,NaN,NaN,NaN
2002,1,30,731246,NaN,NaN,NaN,NaN,NaN,NaN,NaN,NaN,NaN,NaN
2002,1,31,731247,NaN,NaN,NaN,NaN,NaN,NaN,NaN,NaN,NaN,NaN
2002,2,1,731248,NaN,NaN,NaN,NaN,NaN,NaN,NaN,NaN,NaN,NaN
2002,2,2,731249,NaN,NaN,NaN,NaN,NaN,NaN,NaN,NaN,NaN,NaN
2002,2,3,731250,NaN,NaN,NaN,NaN,NaN,NaN,NaN,NaN,NaN,NaN
2002,2,4,731251,NaN,NaN,NaN,NaN,NaN,NaN,NaN,NaN,NaN,NaN
2002,2,5,731252,NaN,NaN,NaN,NaN,NaN,NaN,NaN,NaN,NaN,NaN
2002,2,6,731253,NaN,NaN,NaN,NaN,NaN,NaN,NaN,NaN,NaN,NaN
2002,2,7,731254,NaN,NaN,NaN,NaN,NaN,NaN,NaN,NaN,NaN,NaN
2002,2,8,731255,NaN,NaN,NaN,NaN,NaN,NaN,NaN,NaN,NaN,NaN
2002,2,9,731256,NaN,NaN,NaN,NaN,NaN,NaN,NaN,NaN,NaN,NaN
2002,2,10,731257,NaN,NaN,NaN,NaN,NaN,NaN,NaN,NaN,NaN,NaN
2002,2,11,731258,NaN,NaN,NaN,NaN,NaN,NaN,NaN,NaN,NaN,NaN
2002,2,12,731259,NaN,NaN,NaN,NaN,NaN,NaN,NaN,NaN,NaN,NaN
2002,2,13,731260,NaN,NaN,NaN,NaN,NaN,NaN,NaN,NaN,NaN,NaN
2002,2,14,731261,NaN,NaN,NaN,NaN,NaN,NaN,NaN,NaN,NaN,NaN
2002,2,15,731262,NaN,NaN,NaN,NaN,NaN,NaN,NaN,NaN,NaN,NaN
2002,2,16,731263,NaN,NaN,NaN,NaN,NaN,NaN,NaN,NaN,NaN,NaN
2002,2,17,731264,NaN,NaN,NaN,NaN,NaN,NaN,NaN,NaN,NaN,NaN
2002,2,18,731265,NaN,NaN,NaN,NaN,NaN,NaN,NaN,NaN,NaN,NaN
2002,2,19,731266,NaN,NaN,NaN,NaN,NaN,NaN,NaN,NaN,NaN,NaN
2002,2,20,731267,NaN,NaN,NaN,NaN,NaN,NaN,NaN,NaN,NaN,NaN
2002,2,21,731268,NaN,NaN,NaN,NaN,NaN,NaN,NaN,NaN,NaN,NaN
2002,2,22,731269,NaN,NaN,NaN,NaN,NaN,NaN,NaN,NaN,NaN,NaN
2002,2,23,731270,NaN,NaN,NaN,NaN,NaN,NaN,NaN,NaN,NaN,NaN
2002,2,24,731271,NaN,NaN,NaN,NaN,NaN,NaN,NaN,NaN,NaN,NaN
2002,2,25,731272,NaN,NaN,NaN,NaN,NaN,NaN,NaN,NaN,NaN,NaN
2002,2,26,731273,NaN,NaN,NaN,NaN,NaN,NaN,NaN,NaN,NaN,NaN
2002,2,27,731274,NaN,NaN,NaN,NaN,NaN,NaN,NaN,NaN,NaN,NaN
2002,2,28,731275,NaN,NaN,NaN,NaN,NaN,NaN,NaN,NaN,NaN,NaN
2002,3,1,731276,NaN,NaN,NaN,NaN,NaN,NaN,NaN,NaN,NaN,NaN
2002,3,2,731277,NaN,NaN,NaN,NaN,NaN,NaN,NaN,NaN,NaN,NaN
2002,3,3,731278,NaN,NaN,NaN,NaN,NaN,NaN,NaN,NaN,NaN,NaN
2002,3,4,731279,NaN,NaN,NaN,NaN,NaN,NaN,NaN,NaN,NaN,NaN
2002,3,5,731280,NaN,NaN,NaN,NaN,NaN,NaN,NaN,NaN,NaN,NaN
2002,3,6,731281,-0.937908,4.408820,3.470910,13.528000,21.949000,7.983377,18.861000,384.388562,14.826416,0.000000
2002,3,7,731282,0.269664,3.205960,3.475630,13.133000,22.586000,3.185235,18.907000,234.010750,9.026129,0.000000
2002,3,8,731283,-0.796486,4.501450,3.704970,14.160000,22.206000,4.688254,21.096000,499.497063,19.266315,0.000000
2002,3,9,731284,-0.621774,4.449580,3.827810,15.409000,23.776000,5.103885,22.268000,473.489104,18.263153,0.000000
2002,3,10,731285,-0.836440,4.368940,3.532500,15.047000,22.866000,2.841326,19.450000,480.083687,18.517513,0.000000
2002,3,11,731286,-1.036580,4.737620,3.701040,14.735000,24.165000,7.500813,21.057000,514.807646,19.856867,0.000000
2002,3,12,731287,-0.305145,4.170520,3.865380,12.731000,26.747000,4.407672,22.627000,297.993875,11.494049,0.000000
2002,3,13,731288,-0.270800,4.010600,3.739800,10.996000,25.658000,10.393929,22.806000,467.359208,18.026712,3.000000
2002,3,14,731289,-0.755754,3.914430,3.158680,10.865000,25.438000,6.365807,19.226000,506.968625,19.554504,0.000000
2002,3,15,731290,-0.770322,4.168000,3.397670,10.675000,25.257000,6.397641,22.177000,498.398854,19.223957,0.000000
2002,3,16,731291,-0.701960,4.372600,3.670640,10.264000,26.499000,6.659479,24.671000,503.997917,19.439920,0.000000
2002,3,17,731292,-0.604872,4.290380,3.685510,9.914000,27.834000,8.700436,24.359000,527.507375,20.346714,0.000000
2002,3,18,731293,-0.764909,4.465810,3.700900,9.755000,27.578000,7.384287,23.980000,534.667667,20.622896,0.000000
2002,3,19,731294,-0.729533,4.461670,3.732140,9.551000,27.999000,6.987211,23.488000,458.670583,17.691580,0.000000
2002,3,20,731295,-0.898143,4.821650,3.923510,9.448000,27.444000,7.807146,24.448000,509.253729,19.642645,0.000000
2002,3,21,731296,0.287524,3.667640,3.955160,9.375000,26.355000,8.204170,24.253000,390.229229,15.051699,1.000000
2002,3,22,731297,-0.913877,4.353080,3.439200,9.312000,25.308000,5.080629,18.917000,535.043646,20.637398,0.000000
2002,3,23,731298,-1.616130,5.030570,3.414440,9.232000,25.156000,6.829849,18.455000,485.433458,18.723862,0.000000
2002,3,24,731299,-1.302510,5.061640,3.759130,9.033000,25.191000,8.505046,21.696000,549.214646,21.183994,0.000000
2002,3,25,731300,-1.209250,5.287480,4.078230,8.602000,26.972000,7.219507,24.464000,538.969750,20.788834,0.000000
2002,3,26,731301,-1.027420,5.123560,4.096140,9.773000,29.060000,4.770727,23.912000,536.356146,20.688023,39.000000
2002,3,27,731302,-0.970368,5.009010,4.038640,13.731000,28.564000,4.674061,22.654000,455.345271,17.563316,0.000000
2002,3,28,731303,-1.218380,5.291510,4.073130,12.005000,28.122000,7.819953,22.284000,565.272875,21.803383,0.000000
2002,3,29,731304,-1.665770,5.994500,4.328730,11.248000,28.834000,9.219608,23.903000,563.231854,21.724659,0.000000
2002,3,30,731305,-2.261440,6.739470,4.478030,10.614000,29.539000,7.596594,24.517000,546.165625,21.066387,0.000000
2002,3,31,731306,-2.290070,6.851810,4.561740,10.111000,30.287000,7.488292,24.604000,496.368521,19.145643,0.000000
2002,4,1,731307,-0.741040,5.335280,4.594240,10.322000,29.817000,6.768023,24.553000,385.053583,14.852068,0.000000
2002,4,2,731308,-1.352640,6.082680,4.730040,11.416000,31.103000,7.764383,25.736000,426.833271,16.463568,0.000000
2002,4,3,731309,-0.501317,5.016260,4.514940,13.502000,30.161000,7.143891,23.924000,320.837792,12.375173,0.000000
2002,4,4,731310,-1.503770,5.841930,4.338160,9.266000,28.959000,4.776418,22.445000,385.877771,14.883857,0.000000
2002,4,5,731311,-1.935670,6.065870,4.130200,8.964000,28.591000,5.209143,20.696000,407.334104,15.711458,0.000000
2002,4,6,731312,-1.902740,5.923060,4.020320,8.717000,27.774000,9.932167,19.784000,472.972083,18.243210,0.000000
2002,4,7,731313,-1.472950,5.671440,4.198490,8.617000,25.982000,10.455850,21.398000,324.090792,12.500646,0.000000
2002,4,8,731314,-2.438770,6.778500,4.339730,9.456000,26.698000,10.265391,22.914000,525.270062,20.260416,0.000000
2002,4,9,731315,-2.723520,7.175910,4.452390,8.867000,27.638000,9.407667,24.189000,550.011479,21.214729,0.000000
2002,4,10,731316,-1.956830,6.412740,4.455910,7.843000,28.860000,9.045999,24.371000,567.567271,21.891880,0.000000
2002,4,11,731317,-2.275770,6.723180,4.447400,8.109000,29.079000,9.391769,24.280000,416.943250,16.082096,0.000000
2002,4,12,731318,1.003250,3.157710,4.160960,11.854000,27.243000,4.011261,21.753000,199.361458,7.689656,26.000000
2002,4,13,731319,-2.427560,6.870090,4.442530,16.172000,28.479000,9.001472,24.200000,461.326396,17.794018,0.000000
2002,4,14,731320,-0.799939,5.167110,4.367170,14.470000,28.754000,5.383931,23.407000,360.117437,13.890244,1.000000
2002,4,15,731321,-1.980590,6.408510,4.427920,12.986000,29.284000,5.391304,23.748000,448.708062,17.307312,1.000000
2002,4,16,731322,-1.909710,6.543050,4.633340,11.448000,29.206000,6.833875,25.338000,517.349167,19.954897,0.000000
2002,4,17,731323,-2.133460,6.866240,4.732780,9.655000,29.989000,9.766976,26.009000,581.171792,22.416626,0.000000
2002,4,18,731324,-2.830430,7.489990,4.659560,9.309000,29.436000,8.996188,25.194000,565.842188,21.825340,0.000000
2002,4,19,731325,-2.651930,7.326360,4.674430,8.831000,32.026000,10.139722,25.109000,615.550979,23.742680,0.000000
2002,4,20,731326,-2.357060,7.083640,4.726580,8.310000,32.518000,10.467104,25.338000,588.438604,22.696918,0.000000
2002,4,21,731327,-2.062010,6.923640,4.861620,7.952000,32.692000,11.804264,26.266000,564.531646,21.774792,0.000000
2002,4,22,731328,-1.883730,6.799030,4.915300,7.572000,33.446000,12.219609,26.494000,569.332750,21.959978,0.000000
2002,4,23,731329,-2.190460,6.897060,4.706600,7.440000,31.994000,9.968543,24.516000,575.023187,22.179466,0.000000
2002,4,24,731330,-2.453540,7.304680,4.851140,7.287000,30.570000,9.727347,25.334000,405.921812,15.656984,0.000000
2002,4,25,731331,-2.911110,7.878450,4.967330,6.879000,32.343000,9.991466,25.674000,596.341000,23.001724,0.000000
2002,4,26,731332,-2.197000,7.283160,5.086160,6.814000,31.796000,9.271646,25.830000,552.224021,21.300070,0.000000
2002,4,27,731333,-2.347370,7.472230,5.124860,6.352000,33.013000,8.742558,25.748000,544.678750,21.009039,0.000000
2002,4,28,731334,-2.755390,7.852460,5.097060,6.110000,33.859000,7.749154,25.200000,576.748104,22.245998,0.000000
2002,4,29,731335,-2.184410,7.505590,5.321190,6.011000,33.203000,13.055503,26.656000,524.546875,20.232523,0.000000
2002,4,30,731336,-1.377580,6.608840,5.231260,5.882000,33.063000,6.191887,25.757000,536.308583,20.686190,0.000000
2002,5,1,731337,-1.696090,7.240310,5.544230,5.748000,33.919000,14.965729,28.102000,613.983521,23.682222,0.000000
2002,5,2,731338,-1.745800,7.153610,5.407810,5.682000,34.990000,9.907721,26.900000,607.660687,23.438341,0.000000
2002,5,3,731339,-1.156800,6.679710,5.522900,5.757000,34.027000,10.129435,27.672000,610.343958,23.541838,0.000000
2002,5,4,731340,-1.945360,7.465510,5.520160,5.659000,35.888000,9.231049,27.526000,608.328167,23.464087,0.000000
2002,5,5,731341,-1.751770,7.163690,5.411920,5.799000,34.404000,7.050974,26.580000,524.336292,20.224400,0.000000
2002,5,6,731342,-2.557060,7.959220,5.402160,5.927000,32.686000,7.671614,26.443000,520.382333,20.071890,0.000000
2002,5,7,731343,-2.453940,7.927310,5.473370,5.796000,35.288000,10.149923,26.953000,637.415396,24.586023,0.000000
2002,5,8,731344,-1.798550,7.244880,5.446330,5.832000,34.982000,12.396098,26.709000,633.754833,24.444830,0.000000
2002,5,9,731345,-1.856910,7.279180,5.422280,5.820000,35.329000,11.867112,26.895000,650.055479,25.073568,0.000000
2002,5,10,731346,-2.089720,7.453340,5.363620,5.841000,34.697000,11.790890,27.203000,632.194062,24.384628,0.000000
2002,5,11,731347,-1.679070,6.955470,5.276400,5.803000,35.208000,11.247476,27.271000,598.434625,23.082479,0.000000
2002,5,12,731348,-2.025970,7.245270,5.219310,5.771000,35.540000,11.158799,26.994000,597.259083,23.037136,0.000000
2002,5,13,731349,-1.150980,6.417850,5.266870,5.721000,36.157000,11.594514,27.201000,623.885750,24.064165,0.000000
2002,5,14,731350,-1.020190,5.912450,4.892260,5.907000,34.101000,6.061904,24.065000,457.181479,17.634144,6.000000
2002,5,15,731351,-1.708150,6.669610,4.961450,6.166000,31.175000,11.831876,24.438000,534.213562,20.605381,0.000000
2002,5,16,731352,-0.283280,5.464340,5.181060,6.069000,32.109000,8.932859,25.904000,428.670042,16.534416,0.000000
2002,5,17,731353,-1.519590,6.913150,5.393560,5.893000,33.849000,7.330358,26.842000,610.017042,23.529230,0.000000
2002,5,18,731354,-0.885656,6.582050,5.696390,5.834000,34.033000,14.434867,28.341000,552.098333,21.295221,0.000000
2002,5,19,731355,2.085010,2.970780,5.055780,6.101000,31.109000,2.131294,22.783000,151.923250,5.859897,13.000000
2002,5,20,731356,-1.927810,7.060060,5.132260,6.237000,29.913000,5.859497,22.694000,478.735125,18.465496,1.000000
2002,5,21,731357,-0.919158,5.924840,5.005680,6.329000,29.000000,5.396423,21.955000,282.650354,10.902228,1.000000
2002,5,22,731358,-1.764350,6.841120,5.076770,6.368000,28.520000,7.848165,23.052000,479.542646,18.496645,2.000000
2002,5,23,731359,-2.068060,7.274710,5.206650,6.009000,33.192000,11.218037,24.570000,648.713188,25.021795,0.000000
2002,5,24,731360,-2.286010,7.489320,5.203320,5.904000,34.501000,11.662437,24.974000,589.317208,22.730808,0.000000
2002,5,25,731361,-2.861940,8.042530,5.180590,5.919000,34.046000,13.258446,25.235000,588.470125,22.698133,0.000000
2002,5,26,731362,-1.566490,6.712590,5.146100,5.828000,34.888000,11.226766,25.413000,565.438833,21.809784,0.000000
2002,5,27,731363,-1.429690,6.714670,5.284980,5.622000,37.352000,8.884342,26.741000,601.049188,23.183327,0.000000
2002,5,28,731364,-0.853013,6.048410,5.195400,5.735000,35.336000,8.871448,25.774000,595.981688,22.987867,0.000000
2002,5,29,731365,-0.719848,5.899680,5.179830,5.880000,33.197000,5.475276,25.387000,432.191688,16.670250,0.000000
2002,5,30,731366,-1.361300,6.718740,5.357450,5.620000,37.435000,6.511659,26.500000,622.690646,24.018070,17.000000
2002,5,31,731367,0.948524,4.198890,5.147410,10.019000,31.105000,4.052127,24.476000,320.612667,12.366489,37.000000
2002,6,1,731368,-1.327450,6.855050,5.527600,10.516000,35.719000,6.744329,26.894000,587.194848,23.421907,0.000000
2002,6,2,731369,-1.095330,6.924830,5.829490,8.874000,38.492000,10.948082,28.536000,600.275750,23.153494,0.000000
2002,6,3,731370,-1.278900,7.406430,6.127530,8.002000,40.751000,14.799853,29.797000,606.900938,23.409035,0.000000
2002,6,4,731371,-1.808720,7.899420,6.090700,7.925000,37.463000,9.989190,28.512000,490.982958,18.937916,0.000000
2002,6,5,731372,-2.412410,8.650300,6.237900,7.513000,38.627000,9.753465,28.596000,612.606875,23.629122,0.000000
2002,6,6,731373,-1.794920,8.059040,6.264120,7.340000,37.783000,10.392869,27.811000,403.336047,17.823931,0.000000
2002,6,7,731374,2.956790,3.108070,6.064860,7.782000,32.594000,3.285021,25.558000,164.114167,6.330118,31.000000
2002,6,8,731375,1.444160,4.719220,6.163380,10.501000,31.782000,5.283844,25.485000,336.118521,12.964571,8.000000
2002,6,9,731376,-1.330390,7.730620,6.400230,11.038000,34.119000,10.011359,26.503000,642.912187,24.798042,0.000000
2002,6,10,731377,-0.729752,7.215080,6.485330,10.501000,34.344000,7.431627,26.736000,523.034979,20.174206,12.000000
2002,6,11,731378,-0.923931,7.494370,6.570440,10.779000,34.520000,6.426733,26.988000,457.805979,17.658232,1.000000
2002,6,12,731379,-0.235182,6.819600,6.584420,10.077000,36.323000,8.535604,27.744000,493.538229,19.036476,0.000000
2002,6,13,731380,-0.667804,7.001330,6.333520,9.472000,37.013000,7.486761,27.332000,538.579250,20.773773,0.000000
2002,6,14,731381,0.684323,5.520450,6.204780,NaN,NaN,NaN,NaN,NaN,NaN,NaN
2002,6,15,731382,1.291480,4.708510,5.999990,NaN,NaN,NaN,NaN,NaN,NaN,NaN
2002,6,16,731383,1.064290,4.992100,6.056400,NaN,NaN,NaN,NaN,NaN,NaN,NaN
2002,6,17,731384,1.260750,4.720770,5.981530,NaN,NaN,NaN,NaN,NaN,NaN,NaN
2002,6,18,731385,1.182380,4.948710,6.131100,NaN,NaN,NaN,NaN,NaN,NaN,NaN
2002,6,19,731386,NaN,NaN,NaN,NaN,NaN,NaN,NaN,NaN,NaN,NaN
2002,6,20,731387,NaN,NaN,NaN,NaN,NaN,NaN,NaN,NaN,NaN,NaN
2002,6,21,731388,NaN,NaN,NaN,NaN,NaN,NaN,NaN,NaN,NaN,NaN
2002,6,22,731389,NaN,NaN,NaN,NaN,NaN,NaN,NaN,NaN,NaN,NaN
2002,6,23,731390,NaN,NaN,NaN,NaN,NaN,NaN,NaN,NaN,NaN,NaN
2002,6,24,731391,NaN,NaN,NaN,NaN,NaN,NaN,NaN,NaN,NaN,NaN
2002,6,25,731392,NaN,NaN,NaN,NaN,NaN,NaN,NaN,NaN,NaN,NaN
2002,6,26,731393,NaN,NaN,NaN,NaN,NaN,NaN,NaN,NaN,NaN,NaN
2002,6,27,731394,NaN,NaN,NaN,NaN,NaN,NaN,NaN,NaN,NaN,NaN
2002,6,28,731395,NaN,NaN,NaN,NaN,NaN,NaN,NaN,NaN,NaN,NaN
2002,6,29,731396,-1.464961,6.920045,5.455083,NaN,NaN,NaN,NaN,NaN,NaN,NaN
2002,6,30,731397,0.038731,5.471883,5.510614,NaN,NaN,NaN,NaN,NaN,NaN,NaN
2002,7,1,731398,-3.593680,9.204824,5.611144,NaN,NaN,NaN,NaN,NaN,NaN,NaN
2002,7,2,731399,-2.327383,7.916109,5.588726,NaN,NaN,NaN,NaN,NaN,NaN,NaN
2002,7,3,731400,-2.493116,8.073421,5.580304,NaN,NaN,NaN,NaN,NaN,NaN,NaN
2002,7,4,731401,-0.698201,6.099533,5.401332,NaN,NaN,NaN,NaN,NaN,NaN,NaN
2002,7,5,731402,NaN,NaN,NaN,NaN,NaN,NaN,NaN,NaN,NaN,NaN
2002,7,6,731403,-3.497840,9.210708,5.712868,NaN,NaN,NaN,NaN,NaN,NaN,NaN
2002,7,7,731404,-1.290890,6.881270,5.590380,NaN,NaN,NaN,NaN,NaN,NaN,NaN
2002,7,8,731405,-0.664112,6.274570,5.610460,NaN,NaN,NaN,NaN,NaN,NaN,NaN
2002,7,9,731406,-0.210384,5.256496,5.046112,NaN,NaN,NaN,NaN,NaN,NaN,NaN
2002,7,10,731407,-2.186580,7.815070,5.628490,21.591000,34.518000,NaN,26.734000,NaN,NaN,NaN
2002,7,11,731408,-0.723055,6.216820,5.493770,19.502000,33.931000,6.012461,25.823000,481.253542,18.562637,7.000000
2002,7,12,731409,1.162570,4.290350,5.452920,26.000000,32.194000,3.408183,25.540000,291.815292,11.255733,56.000000
2002,7,13,731410,-1.640730,7.215780,5.575050,38.690000,32.839000,4.759642,26.533000,468.901292,18.086193,7.000000
2002,7,14,731411,-1.572310,7.486550,5.914230,38.258000,34.750000,10.732105,29.593000,613.396125,23.659565,0.000000
2002,7,15,731412,-2.026340,7.825310,5.798960,35.358000,35.827000,8.741909,29.123000,556.069042,21.448380,0.000000
2002,7,16,731413,-1.737640,7.601580,5.863950,32.533000,35.761000,8.663848,29.986000,510.486854,19.690208,0.000000
2002,7,17,731414,-1.347730,7.165020,5.817290,31.166000,35.729000,10.513968,29.715000,528.911687,20.400881,5.000000
2002,7,18,731415,-1.411350,7.198680,5.787330,29.322000,36.442000,9.341815,29.087000,552.124479,21.296230,0.000000
2002,7,19,731416,-2.457500,8.303100,5.845600,27.382000,35.740000,9.025291,29.125000,569.018042,21.947840,0.000000
2002,7,20,731417,0.536665,5.122420,5.659090,25.927000,34.817000,6.511969,27.383000,301.179104,11.616908,1.000000
2002,7,21,731418,0.993373,4.309240,5.302620,26.499000,32.888000,2.771277,24.745000,228.711062,8.821713,14.000000
2002,7,22,731419,-1.223340,6.828270,5.604930,28.783000,32.549000,6.323515,27.121000,496.867104,19.164875,2.000000
2002,7,23,731420,-1.199520,7.019870,5.820350,27.423000,33.523000,8.387043,28.845000,449.931562,17.354504,0.000000
2002,7,24,731421,-2.125230,7.985770,5.860540,25.495000,34.503000,8.052661,29.264000,548.490000,21.156044,0.000000
2002,7,25,731422,-2.154760,8.016990,5.862230,23.832000,33.650000,8.657134,29.395000,590.907333,22.792141,0.000000
2002,7,26,731423,-1.588951,8.413022,6.824070,22.235000,31.976000,8.611572,29.252000,603.115979,23.263044,0.000000
2002,7,27,731424,NaN,NaN,NaN,NaN,NaN,NaN,NaN,NaN,NaN,NaN
2002,7,28,731425,NaN,NaN,NaN,NaN,NaN,NaN,NaN,NaN,NaN,NaN
2002,7,29,731426,NaN,NaN,NaN,NaN,NaN,NaN,NaN,NaN,NaN,NaN
2002,7,30,731427,-1.655725,8.045609,6.389883,16.157000,31.690000,11.360195,29.209000,553.449792,21.347351,0.000000
2002,7,31,731428,-1.385250,6.992110,5.606860,15.572000,31.076000,7.545465,28.159000,471.587917,18.189819,5.000000
2002,8,1,731429,0.177118,5.388640,5.565750,15.233000,31.953000,7.154263,27.957000,358.517854,13.828547,1.000000
2002,8,2,731430,1.602350,3.616440,5.218800,15.321000,32.626000,2.457038,25.407000,198.487396,7.655942,14.000000
2002,8,3,731431,0.291490,4.967890,5.259380,19.203000,32.387000,4.648749,25.835000,366.976875,14.154823,30.000000
2002,8,4,731432,-2.077760,7.595340,5.517580,24.132000,34.068000,7.702137,27.943000,536.447063,20.691530,3.000000
2002,8,5,731433,-1.842240,7.417850,5.575620,23.245000,33.054000,9.785042,28.512000,573.283063,22.112347,0.000000
2002,8,6,731434,-1.893370,7.636030,5.742650,21.077000,34.295000,13.552750,29.930000,558.821854,21.554558,0.000000
2002,8,7,731435,-0.699945,6.061090,5.361140,20.038000,34.621000,5.596123,27.201000,329.888833,12.724284,9.000000
2002,8,8,731436,-0.668252,5.766720,5.098470,20.968000,33.421000,7.040384,25.860000,345.943438,13.343534,8.000000
2002,8,9,731437,-2.058490,7.264220,5.205730,21.290000,31.790000,10.676563,27.341000,554.724833,21.396530,0.000000
2002,8,10,731438,-1.505490,6.748210,5.242730,19.209000,33.127000,12.098952,28.118000,479.314125,18.487829,0.000000
2002,8,11,731439,-0.778853,5.835960,5.057110,17.984000,32.855000,7.106715,27.127000,272.647562,10.516406,1.000000
2002,8,12,731440,-0.159169,5.077020,4.917850,20.339000,33.358000,4.241176,26.398000,419.413250,16.177368,28.000000
2002,8,13,731441,-0.553548,5.455010,4.901460,23.683000,33.957000,4.185384,26.268000,358.127875,13.813505,4.000000
2002,8,14,731442,-1.451330,6.603530,5.152200,23.500000,34.333000,6.058220,28.100000,495.399208,19.108255,2.000000
2002,8,15,731443,-1.866780,7.136950,5.270180,22.127000,35.055000,7.622440,28.802000,469.540896,18.110863,1.000000
2002,8,16,731444,-1.666750,7.093340,5.426600,20.278000,35.387000,9.169241,29.640000,569.129417,21.952135,0.000000
2002,8,17,731445,-1.425080,6.913960,5.488880,18.245000,36.901000,8.351294,29.469000,575.958250,22.215534,1.000000
2002,8,18,731446,-1.951360,7.388040,5.436690,16.985000,37.059000,8.770316,29.000000,531.417042,20.497515,0.000000
2002,8,19,731447,-1.039030,6.347080,5.308050,16.009000,36.445000,8.152886,27.960000,484.265771,18.678823,0.000000
2002,8,20,731448,-0.227570,5.447020,5.219450,15.607000,34.289000,6.470661,27.241000,378.841104,14.612443,0.000000
2002,8,21,731449,-1.669590,6.993590,5.324000,14.389000,36.659000,8.489554,28.099000,618.082354,23.840321,0.000000
2002,8,22,731450,-0.047551,5.238970,5.191420,16.571000,35.403000,5.080809,27.022000,349.512792,13.481209,31.000000
2002,8,23,731451,-1.346480,6.673750,5.327270,19.653000,35.392000,8.320919,28.132000,521.146438,20.101364,0.000000
2002,8,24,731452,-1.356820,6.732510,5.375680,18.341000,36.081000,11.079613,28.535000,477.709437,18.425936,0.000000
2002,8,25,731453,-1.514850,6.896490,5.381640,17.012000,36.138000,11.568349,28.593000,542.680292,20.931955,0.000000
2002,8,26,731454,-0.071456,5.342310,5.270850,16.045000,35.269000,8.149638,27.741000,384.372229,14.825786,0.000000
2002,8,27,731455,0.476420,4.623570,5.099990,16.809000,34.103000,4.662348,26.714000,331.988896,12.805287,20.000000
2002,8,28,731456,1.851940,3.151780,5.003720,20.326000,34.193000,4.987442,26.028000,371.759437,14.339293,26.000000
2002,8,29,731457,0.082660,5.046930,5.129590,26.404000,34.160000,5.417408,26.956000,420.512063,16.219751,0.000000
2002,8,30,731458,-1.849200,7.135250,5.286050,24.929000,34.093000,6.590072,28.127000,481.214521,18.561131,3.000000
2002,8,31,731459,-0.167881,5.470860,5.302980,24.577000,32.361000,5.484455,28.155000,294.251625,11.349706,4.000000
2002,9,1,731460,0.399348,4.878680,5.278030,31.432000,34.067000,4.633397,27.847000,256.103250,9.878268,0.000000
2002,9,2,731461,-1.246640,6.561430,5.314790,30.018000,33.955000,5.977817,28.177000,408.831687,15.769222,0.000000
2002,9,3,731462,-0.949249,6.188060,5.238810,28.078000,33.941000,6.766184,27.976000,461.525021,17.801680,0.000000
2002,9,4,731463,1.369640,3.573850,4.943490,27.931000,33.300000,3.246937,26.030000,221.513167,8.544079,16.000000
2002,9,5,731464,-0.369171,5.400040,5.030870,30.187000,33.359000,4.955971,27.256000,392.939125,15.156223,0.000000
2002,9,6,731465,-0.778868,5.860840,5.081970,28.740000,33.437000,8.059672,28.202000,486.836813,18.777992,1.000000
2002,9,7,731466,-1.608150,6.691670,5.083510,26.752000,NaN,10.444825,28.659000,504.523500,19.460192,1.000000
2002,9,8,731467,-1.328120,6.322040,4.993920,25.109000,NaN,8.562585,28.296000,504.327458,19.452631,0.000000
2002,9,9,731468,-0.716409,5.646570,4.930160,23.707000,NaN,9.264915,28.149000,490.347062,18.913385,0.000000
2002,9,10,731469,-1.001280,5.943570,4.942280,22.603000,NaN,11.108407,28.465000,465.409896,17.951525,0.000000
2002,9,11,731470,0.723802,3.944460,4.668260,21.876000,NaN,4.611073,26.076000,182.100729,7.023885,0.000000
2002,9,12,731471,0.097685,4.651060,4.748740,21.356000,NaN,5.687955,26.720000,218.448688,8.425879,1.000000
2002,9,13,731472,-0.388999,5.424570,5.035570,20.424000,NaN,9.203414,29.151000,404.424729,15.599240,0.000000
2002,9,14,731473,-1.038210,6.066690,5.028470,19.504000,NaN,7.714476,28.840000,327.924167,12.648503,0.000000
2002,9,15,731474,-1.420540,6.511790,5.091250,18.791000,NaN,8.521842,29.062000,429.210521,16.555264,0.000000
2002,9,16,731475,-1.120350,6.270110,5.149760,18.045000,NaN,9.641411,29.265000,520.584542,20.079689,0.000000
2002,9,17,731476,-1.157890,6.283140,5.125250,17.393000,NaN,10.152534,28.778000,500.285271,19.296717,0.000000
2002,9,18,731477,-1.505420,6.698660,5.193240,16.752000,NaN,8.932645,28.980000,527.960771,20.364202,0.000000
2002,9,19,731478,-0.930681,6.201950,5.271270,16.146000,NaN,8.798898,29.239000,488.365667,18.836962,0.000000
2002,9,20,731479,0.218882,4.973900,5.192780,16.488000,NaN,5.848332,28.178000,381.869000,14.729234,21.000000
2002,9,21,731480,-0.683674,5.967050,5.283380,17.909000,NaN,8.855885,28.523000,438.460979,16.912067,1.000000
2002,9,22,731481,-0.505377,5.816900,5.311530,17.086000,NaN,8.129889,28.080000,430.620687,16.609655,0.000000
2002,9,23,731482,-0.966450,6.436540,5.470090,16.315000,NaN,8.323308,28.622000,368.735937,14.222672,1.000000
2002,9,24,731483,0.540597,4.824700,5.365300,18.518000,NaN,3.847668,27.063000,322.324396,12.432513,23.000000
2002,9,25,731484,-0.001176,5.615840,5.614670,19.008000,NaN,5.437405,28.544000,361.989937,13.962469,0.000000
2002,9,26,731485,-0.035283,5.705160,5.669880,18.204000,NaN,6.550455,28.870000,411.969667,15.890260,0.000000
2002,9,27,731486,-0.101282,5.742570,5.641290,17.439000,NaN,7.105249,28.714000,353.581333,13.638137,1.000000
2002,9,28,731487,-0.560629,6.187180,5.626560,16.619000,NaN,9.937324,28.729000,468.604521,18.074745,0.000000
2002,9,29,731488,0.159310,5.395050,5.554360,15.906000,NaN,6.124996,28.434000,396.089917,15.277754,0.000000
2002,9,30,731489,0.558073,4.845740,5.403810,16.775000,NaN,5.888827,28.083000,393.861792,15.191813,2.000000
2002,10,1,731490,-0.130787,5.450550,5.319760,17.428000,NaN,7.263284,28.376000,378.983146,14.617922,2.000000
2002,10,2,731491,0.313148,4.799210,5.112360,17.123000,NaN,8.841365,27.579000,313.298458,12.084370,1.000000
2002,10,3,731492,-0.278236,5.291100,5.012860,16.551000,NaN,11.843938,27.613000,436.683458,16.843506,0.000000
2002,10,4,731493,-0.239673,5.083180,4.843500,16.370000,NaN,9.725105,27.039000,431.672146,16.650211,0.000000
2002,10,5,731494,-0.452478,5.161740,4.709260,16.407000,NaN,8.632576,26.727000,447.334729,17.254339,0.000000
2002,10,6,731495,-0.351734,5.018760,4.667020,NaN,NaN,7.540388,26.589000,429.689979,16.573757,0.000000
2002,10,7,731496,-0.101651,4.766560,4.664910,NaN,NaN,5.976759,26.547000,333.577833,12.866573,0.000000
2002,10,8,731497,-0.243137,4.981820,4.738690,NaN,NaN,7.575376,27.188000,446.222229,17.211430,0.000000
2002,10,9,731498,0.917919,3.831480,4.749400,NaN,NaN,7.800229,27.261000,435.544729,16.799583,0.000000
2002,10,10,731499,1.493730,3.237860,4.731590,NaN,NaN,4.727057,27.080000,208.702146,8.049940,4.000000
2002,10,11,731500,0.791000,4.070030,4.861030,NaN,NaN,7.450821,28.220000,318.494188,12.284776,0.000000
2002,10,12,731501,0.407044,4.484610,4.891650,NaN,NaN,6.996056,28.000000,341.806750,13.183975,3.000000
2002,10,13,731502,0.505628,4.431650,4.937280,NaN,NaN,6.353343,27.380000,326.607000,12.597698,0.000000
2002,10,14,731503,0.924266,3.969400,4.893670,NaN,NaN,4.739958,25.990000,226.128250,8.722090,13.000000
2002,10,15,731504,0.828103,4.224160,5.052260,NaN,NaN,5.587258,26.007000,307.010792,11.841846,1.000000
2002,10,16,731505,-0.552878,5.442690,4.889810,NaN,NaN,5.717949,23.289000,361.951229,13.960977,0.000000
2002,10,17,731506,-0.988694,5.557430,4.568740,NaN,NaN,7.465571,21.357000,393.146875,15.164238,0.000000
2002,10,18,731507,-0.640119,5.062320,4.422200,NaN,NaN,7.327525,21.239000,354.128708,13.659250,0.000000
2002,10,19,731508,-0.756631,5.288860,4.532230,NaN,NaN,8.229669,23.257000,382.875375,14.768051,0.000000
2002,10,20,731509,0.529941,4.021250,4.551190,NaN,NaN,5.068000,24.611000,238.378042,9.194582,0.000000
2002,10,21,731510,0.083532,4.502970,4.586500,NaN,NaN,7.436031,26.214000,367.808625,14.186904,27.000000
2002,10,22,731511,0.104739,4.285540,4.390280,NaN,NaN,5.276230,25.804000,290.416500,11.201779,0.000000
2002,10,23,731512,-0.198621,4.483920,4.285300,NaN,25.126000,5.573822,26.212000,355.372563,13.707228,0.000000
2002,10,24,731513,0.169282,3.963640,4.132920,NaN,25.188000,4.599902,25.442000,254.011396,9.797583,30.000000
2002,10,25,731514,0.293665,3.792490,4.086150,NaN,26.029000,4.190007,25.736000,250.289938,9.654040,0.000000
2002,10,26,731515,0.128159,3.868830,3.996990,9.761000,26.250000,4.477552,25.779000,259.783542,10.020223,0.000000
2002,10,27,731516,-0.839838,4.745690,3.905860,NaN,25.957000,5.705800,25.820000,338.317000,13.049371,0.000000
2002,10,28,731517,-0.921219,4.853030,3.931810,9.458000,26.923000,6.770014,27.136000,359.100500,13.851020,0.000000
2002,10,29,731518,-0.477915,4.303210,3.825290,9.340000,27.168000,5.392670,27.038000,275.105417,10.611209,0.000000
2002,10,30,731519,0.432167,3.186770,3.618930,9.413000,26.678000,3.419080,25.778000,196.925085,7.598563,7.000000
2002,10,31,731520,-0.349029,3.678010,3.328980,9.705000,25.016000,5.459190,23.467000,269.229875,10.384581,0.000000
2002,11,1,731521,-0.107781,3.286970,3.179190,9.984000,27.956000,3.828726,22.701000,187.089958,7.216327,1.000000
2002,11,2,731522,-1.384940,4.478780,3.093840,10.047000,27.900000,6.075422,21.426000,384.285042,14.822415,0.000000
2002,11,3,731523,-1.424480,4.805910,3.381430,9.957000,26.879000,7.015766,21.518000,380.107604,14.661269,0.000000
2002,11,4,731524,-1.045200,5.051470,4.006270,9.684000,26.804000,8.207021,24.683000,368.567250,14.216146,0.000000
2002,11,5,731525,-0.643906,4.986890,4.342980,9.323000,27.637000,3.923077,24.835000,325.600563,12.558867,5.000000
2002,11,6,731526,1.183880,3.168800,4.352690,9.139000,28.471000,6.044794,23.949000,295.483792,11.397237,0.000000
2002,11,7,731527,-1.204280,4.568420,3.364140,9.554000,25.784000,5.333639,16.880000,354.545435,13.154020,0.000000
2002,11,8,731528,-1.402670,4.987100,3.584430,9.425000,26.227000,9.447097,21.932000,365.569104,14.100514,0.000000
2002,11,9,731529,-1.256510,4.700240,3.443730,9.353000,25.467000,8.598436,24.033000,364.990354,14.078192,0.000000
2002,11,10,731530,-0.444706,3.633880,3.189180,9.029000,26.315000,6.968760,25.177000,334.377625,12.897415,0.000000
2002,11,11,731531,-0.162420,3.048800,2.886380,8.685000,27.680000,5.680925,25.943000,333.007521,12.844577,0.000000
2002,11,12,731532,-0.324913,2.873700,2.548790,8.400000,28.806000,6.396339,25.708000,344.638000,13.293180,0.000000
2002,11,13,731533,-0.456403,2.406530,1.950130,8.305000,28.925000,4.220469,18.343000,328.931426,12.394486,3.000000
2002,11,14,731534,-1.794920,3.861980,2.067060,8.414000,26.833000,7.239978,19.017000,302.455646,11.666135,0.000000
2002,11,15,731535,-1.585730,3.933140,2.347410,8.143000,27.851000,7.065233,22.012000,179.017583,6.904964,0.000000
2002,11,16,731536,2.197680,0.163234,2.360920,9.830000,26.976000,1.854322,20.969000,68.483979,2.641525,28.000000
2002,11,17,731537,0.542709,1.551630,2.094340,14.136000,26.455000,2.936445,15.508000,172.839957,6.608185,6.000000
2002,11,18,731538,-1.358100,3.361030,2.002930,13.424000,22.696000,4.206830,12.509000,359.912804,13.301125,0.000000
2002,11,19,731539,-1.703470,4.186450,2.482980,12.361000,23.820000,2.635211,17.010000,285.899957,10.773179,0.000000
2002,11,20,731540,-1.877820,4.893000,3.015190,11.601000,24.779000,5.795860,21.452000,290.021958,11.186565,0.000000
2002,11,21,731541,-1.111210,4.381550,3.270340,10.901000,26.421000,2.950187,22.234000,213.599625,8.238843,0.000000
2002,11,22,731542,-1.006320,4.153430,3.147110,10.515000,26.991000,6.537895,18.946000,307.637851,11.693632,2.000000
2002,11,23,731543,-1.321960,3.970050,2.648090,10.636000,24.177000,4.639546,12.613000,349.559244,12.688968,0.000000
2002,11,24,731544,-1.375540,4.547380,3.171850,10.521000,23.017000,6.325836,17.363000,349.787319,13.181470,0.000000
2002,11,25,731545,-1.387060,4.925010,3.537950,10.114000,24.112000,7.305105,20.427000,278.935083,10.758924,0.000000
2002,11,26,731546,-0.960319,4.344190,3.383870,9.757000,24.870000,2.735656,18.380000,231.506063,8.929507,0.000000
2002,11,27,731547,-1.831530,5.200130,3.368600,9.713000,23.723000,3.461387,17.700000,284.856191,10.722020,0.000000
2002,11,28,731548,-1.650230,4.919840,3.269610,9.528000,23.835000,4.581822,16.274000,275.702708,10.634244,0.000000
2002,11,29,731549,-1.350510,4.256480,2.905970,9.455000,23.164000,4.799850,12.373000,317.668848,11.776748,0.000000
2002,11,30,731550,-0.869849,4.089910,3.220060,9.486000,21.536000,5.240052,14.950000,276.361292,10.659646,0.000000
2002,12,1,731551,-0.858429,4.154430,3.296010,8.949000,24.622000,4.735479,15.639000,254.855489,9.696025,0.000000
2002,12,2,731552,-1.075760,4.252410,3.176650,9.129000,21.793000,4.809666,14.627000,320.291553,12.058310,0.000000
2002,12,3,731553,-1.198540,4.498950,3.300410,8.997000,21.469000,4.589171,15.891000,270.682809,10.200418,0.000000
2002,12,4,731554,-0.937224,4.870160,3.932940,8.714000,21.895000,5.432804,21.810000,285.822313,11.024571,0.000000
2002,12,5,731555,0.001100,4.104380,4.105480,8.214000,24.524000,3.853791,23.558000,245.186604,9.457190,11.000000
2002,12,6,731556,2.554070,0.574691,3.128760,8.252000,24.768000,0.034879,14.696000,69.107792,2.665586,11.000000
2002,12,7,731557,-1.052220,4.431910,3.379690,8.484000,22.947000,4.668195,17.178000,305.129729,11.769298,0.000000
2002,12,8,731558,-1.300410,4.914800,3.614390,8.406000,23.611000,5.884606,19.871000,259.544312,10.010991,0.000000
2002,12,9,731559,2.475530,1.067250,3.542790,9.719000,23.171000,2.665278,19.914000,52.591687,2.028537,55.000000
2002,12,10,731560,0.336573,3.143210,3.479780,16.315000,23.193000,0.879704,20.199000,187.329229,7.225556,27.000000
2002,12,11,731561,-0.875106,4.233700,3.358590,14.414000,25.457000,3.883448,20.039000,299.205562,11.540783,1.000000
2002,12,12,731562,0.905302,2.136840,3.042150,14.340000,24.378000,0.677832,17.876000,120.217313,4.636953,3.000000
2002,12,13,731563,1.878710,1.343600,3.222310,15.743000,25.550000,0.838635,20.787000,93.572896,3.609240,31.000000
2002,12,14,731564,-1.026910,3.594920,2.568010,17.175000,24.872000,3.286918,14.259000,150.236750,5.794846,0.000000
2002,12,15,731565,-1.397190,3.547190,2.150000,17.272000,23.014000,2.853434,10.044000,222.497521,8.582047,0.000000
2002,12,16,731566,-1.913960,4.165720,2.251760,17.312000,21.080000,5.123579,11.732000,321.962809,12.239191,0.000000
2002,12,17,731567,-1.395650,3.873560,2.477910,16.954000,20.523000,3.052138,14.956000,272.833792,10.523593,0.000000
2002,12,18,731568,-1.510660,4.273860,2.763190,16.031000,22.396000,3.543996,18.806000,301.948167,11.646567,0.000000
2002,12,19,731569,-1.323720,4.226140,2.902420,15.875000,20.943000,2.842280,20.518000,256.846979,9.906960,0.000000
2002,12,20,731570,-0.019708,2.852780,2.833070,16.098000,20.885000,3.445486,18.845000,157.881106,6.050583,9.000000
2002,12,21,731571,-1.800920,4.171290,2.370370,16.335000,21.448000,5.447908,12.535000,315.606723,12.007337,0.000000
2002,12,22,731572,-1.572290,4.222360,2.650070,16.165000,20.556000,5.285779,14.777000,268.185489,10.092752,0.000000
2002,12,23,731573,-1.635990,4.659020,3.023030,15.984000,19.016000,4.727378,17.916000,291.366854,11.238427,0.000000
2002,12,24,731574,-0.313894,3.799360,3.485470,15.463000,21.220000,2.249050,22.418000,191.523146,7.387321,30.000000
2002,12,25,731575,-1.145290,4.070700,2.925410,21.702000,22.821000,4.113410,16.588000,261.715255,9.952994,11.000000
2002,12,26,731576,-1.666050,3.934300,2.268260,21.694000,20.085000,2.499234,10.068000,304.322261,11.256723,0.000000
2002,12,27,731577,-1.593270,4.076060,2.482790,21.030000,19.675000,4.310400,13.155000,260.118833,10.033163,0.000000
2002,12,28,731578,-1.478300,3.764260,2.285960,20.316000,19.703000,5.197129,11.620000,294.015000,11.070511,0.000000
2002,12,29,731579,-1.766910,4.049090,2.282180,20.076000,18.012000,4.992925,12.298000,329.350391,12.170775,0.000000
2002,12,30,731580,-2.078960,4.634110,2.555160,19.469000,17.885000,3.755632,15.965000,316.249894,11.909639,0.000000
2002,12,31,731581,-1.317260,4.321680,3.004420,18.663000,19.232000,3.414435,21.516000,251.848125,9.714134,16.000000
2003,1,1,731582,NaN,NaN,NaN,NaN,NaN,NaN,NaN,NaN,NaN,NaN
2003,1,2,731583,NaN,NaN,NaN,NaN,NaN,NaN,NaN,NaN,NaN,NaN
2003,1,3,731584,NaN,NaN,NaN,NaN,NaN,NaN,NaN,NaN,NaN,NaN
2003,1,4,731585,NaN,NaN,NaN,NaN,NaN,NaN,NaN,NaN,NaN,NaN
2003,1,5,731586,NaN,NaN,NaN,NaN,NaN,NaN,NaN,NaN,NaN,NaN
2003,1,6,731587,NaN,NaN,NaN,NaN,NaN,NaN,NaN,NaN,NaN,NaN
2003,1,7,731588,NaN,NaN,NaN,NaN,NaN,NaN,NaN,NaN,NaN,NaN
2003,1,8,731589,NaN,NaN,NaN,NaN,NaN,NaN,NaN,NaN,NaN,NaN
2003,1,9,731590,NaN,NaN,NaN,NaN,NaN,NaN,NaN,NaN,NaN,NaN
2003,1,10,731591,NaN,NaN,NaN,NaN,NaN,NaN,NaN,NaN,NaN,NaN
2003,1,11,731592,NaN,NaN,NaN,NaN,NaN,NaN,NaN,NaN,NaN,NaN
2003,1,12,731593,NaN,NaN,NaN,NaN,NaN,NaN,NaN,NaN,NaN,NaN
2003,1,13,731594,NaN,NaN,NaN,NaN,NaN,NaN,NaN,NaN,NaN,NaN
2003,1,14,731595,NaN,NaN,NaN,NaN,NaN,NaN,NaN,NaN,NaN,NaN
2003,1,15,731596,NaN,NaN,NaN,NaN,NaN,NaN,NaN,NaN,NaN,NaN
2003,1,16,731597,NaN,NaN,NaN,NaN,NaN,NaN,NaN,NaN,NaN,NaN
2003,1,17,731598,NaN,NaN,NaN,NaN,NaN,NaN,NaN,NaN,NaN,NaN
2003,1,18,731599,NaN,NaN,NaN,NaN,NaN,NaN,NaN,NaN,NaN,NaN
2003,1,19,731600,NaN,NaN,NaN,NaN,NaN,NaN,NaN,NaN,NaN,NaN
2003,1,20,731601,NaN,NaN,NaN,NaN,NaN,NaN,NaN,NaN,NaN,NaN
2003,1,21,731602,NaN,NaN,NaN,NaN,NaN,NaN,NaN,NaN,NaN,NaN
2003,1,22,731603,NaN,NaN,NaN,NaN,NaN,NaN,NaN,NaN,NaN,NaN
2003,1,23,731604,NaN,NaN,NaN,NaN,NaN,NaN,NaN,NaN,NaN,NaN
2003,1,24,731605,NaN,NaN,NaN,NaN,NaN,NaN,NaN,NaN,NaN,NaN
2003,1,25,731606,NaN,NaN,NaN,NaN,NaN,NaN,NaN,NaN,NaN,NaN
2003,1,26,731607,NaN,NaN,NaN,NaN,NaN,NaN,NaN,NaN,NaN,NaN
2003,1,27,731608,NaN,NaN,NaN,NaN,NaN,NaN,NaN,NaN,NaN,NaN
2003,1,28,731609,NaN,NaN,NaN,NaN,NaN,NaN,NaN,NaN,NaN,NaN
2003,1,29,731610,NaN,NaN,NaN,NaN,NaN,NaN,NaN,NaN,NaN,NaN
2003,1,30,731611,NaN,NaN,NaN,NaN,NaN,NaN,NaN,NaN,NaN,NaN
2003,1,31,731612,NaN,NaN,NaN,NaN,NaN,NaN,NaN,NaN,NaN,NaN
2003,2,1,731613,NaN,NaN,NaN,NaN,NaN,NaN,NaN,NaN,NaN,NaN
2003,2,2,731614,NaN,NaN,NaN,NaN,NaN,NaN,NaN,NaN,NaN,NaN
2003,2,3,731615,NaN,NaN,NaN,NaN,NaN,NaN,NaN,NaN,NaN,NaN
2003,2,4,731616,NaN,NaN,NaN,NaN,NaN,NaN,NaN,NaN,NaN,NaN
2003,2,5,731617,NaN,NaN,NaN,NaN,NaN,NaN,NaN,NaN,NaN,NaN
2003,2,6,731618,NaN,NaN,NaN,NaN,NaN,NaN,NaN,NaN,NaN,NaN
2003,2,7,731619,NaN,NaN,NaN,NaN,NaN,NaN,NaN,NaN,NaN,NaN
2003,2,8,731620,NaN,NaN,NaN,NaN,NaN,NaN,NaN,NaN,NaN,NaN
2003,2,9,731621,NaN,NaN,NaN,NaN,NaN,NaN,NaN,NaN,NaN,NaN
2003,2,10,731622,NaN,NaN,NaN,NaN,NaN,NaN,NaN,NaN,NaN,NaN
2003,2,11,731623,NaN,NaN,NaN,NaN,NaN,NaN,NaN,NaN,NaN,NaN
2003,2,12,731624,NaN,NaN,NaN,NaN,NaN,NaN,NaN,NaN,NaN,NaN
2003,2,13,731625,NaN,NaN,NaN,NaN,NaN,NaN,NaN,NaN,NaN,NaN
2003,2,14,731626,NaN,NaN,NaN,NaN,NaN,NaN,NaN,NaN,NaN,NaN
2003,2,15,731627,NaN,NaN,NaN,NaN,NaN,NaN,NaN,NaN,NaN,NaN
2003,2,16,731628,NaN,NaN,NaN,NaN,NaN,NaN,NaN,NaN,NaN,NaN
2003,2,17,731629,NaN,NaN,NaN,NaN,NaN,NaN,NaN,NaN,NaN,NaN
2003,2,18,731630,NaN,NaN,NaN,NaN,NaN,NaN,NaN,NaN,NaN,NaN
2003,2,19,731631,NaN,NaN,NaN,NaN,NaN,NaN,NaN,NaN,NaN,NaN
2003,2,20,731632,NaN,NaN,NaN,NaN,NaN,NaN,NaN,NaN,NaN,NaN
2003,2,21,731633,NaN,NaN,NaN,NaN,NaN,NaN,NaN,NaN,NaN,NaN
2003,2,22,731634,NaN,NaN,NaN,NaN,NaN,NaN,NaN,NaN,NaN,NaN
2003,2,23,731635,NaN,NaN,NaN,NaN,NaN,NaN,NaN,NaN,NaN,NaN
2003,2,24,731636,NaN,NaN,NaN,NaN,NaN,NaN,NaN,NaN,NaN,NaN
2003,2,25,731637,NaN,NaN,NaN,NaN,NaN,NaN,NaN,NaN,NaN,NaN
2003,2,26,731638,NaN,NaN,NaN,NaN,NaN,NaN,NaN,NaN,NaN,NaN
2003,2,27,731639,NaN,NaN,NaN,NaN,NaN,NaN,NaN,NaN,NaN,NaN
2003,2,28,731640,NaN,NaN,NaN,NaN,NaN,NaN,NaN,NaN,NaN,NaN
2003,3,1,731641,NaN,NaN,NaN,NaN,NaN,NaN,NaN,NaN,NaN,NaN
2003,3,2,731642,NaN,NaN,NaN,NaN,NaN,NaN,NaN,NaN,NaN,NaN
2003,3,3,731643,NaN,NaN,NaN,NaN,NaN,NaN,NaN,NaN,NaN,NaN
2003,3,4,731644,NaN,NaN,NaN,NaN,NaN,NaN,NaN,NaN,NaN,NaN
2003,3,5,731645,NaN,NaN,NaN,NaN,NaN,NaN,NaN,NaN,NaN,NaN
2003,3,6,731646,NaN,NaN,NaN,NaN,NaN,NaN,NaN,NaN,NaN,NaN
2003,3,7,731647,NaN,NaN,NaN,NaN,NaN,NaN,NaN,NaN,NaN,NaN
2003,3,8,731648,NaN,NaN,NaN,NaN,NaN,NaN,NaN,NaN,NaN,NaN
2003,3,9,731649,NaN,NaN,NaN,NaN,NaN,NaN,NaN,NaN,NaN,NaN
2003,3,10,731650,NaN,NaN,NaN,NaN,NaN,NaN,NaN,NaN,NaN,NaN
2003,3,11,731651,NaN,NaN,NaN,NaN,NaN,NaN,NaN,NaN,NaN,NaN
2003,3,12,731652,NaN,NaN,NaN,NaN,NaN,NaN,NaN,NaN,NaN,NaN
2003,3,13,731653,NaN,NaN,NaN,NaN,NaN,NaN,NaN,NaN,NaN,NaN
2003,3,14,731654,NaN,NaN,NaN,NaN,NaN,NaN,NaN,NaN,NaN,NaN
2003,3,15,731655,NaN,NaN,NaN,NaN,NaN,NaN,NaN,NaN,NaN,NaN
2003,3,16,731656,NaN,NaN,NaN,NaN,NaN,NaN,NaN,NaN,NaN,NaN
2003,3,17,731657,NaN,NaN,NaN,NaN,NaN,NaN,NaN,NaN,NaN,NaN
2003,3,18,731658,NaN,NaN,NaN,NaN,NaN,NaN,NaN,NaN,NaN,NaN
2003,3,19,731659,NaN,NaN,NaN,NaN,NaN,NaN,NaN,NaN,NaN,NaN
2003,3,20,731660,NaN,NaN,NaN,NaN,NaN,NaN,NaN,NaN,NaN,NaN
2003,3,21,731661,NaN,NaN,NaN,NaN,NaN,NaN,NaN,NaN,NaN,NaN
2003,3,22,731662,NaN,NaN,NaN,NaN,NaN,NaN,NaN,NaN,NaN,NaN
2003,3,23,731663,NaN,NaN,NaN,NaN,NaN,NaN,NaN,NaN,NaN,NaN
2003,3,24,731664,NaN,NaN,NaN,NaN,NaN,NaN,NaN,NaN,NaN,NaN
2003,3,25,731665,NaN,NaN,NaN,NaN,NaN,NaN,NaN,NaN,NaN,NaN
2003,3,26,731666,NaN,NaN,NaN,NaN,NaN,NaN,NaN,NaN,NaN,NaN
2003,3,27,731667,NaN,NaN,NaN,NaN,NaN,NaN,NaN,NaN,NaN,NaN
2003,3,28,731668,NaN,NaN,NaN,NaN,NaN,NaN,NaN,NaN,NaN,NaN
2003,3,29,731669,NaN,NaN,NaN,NaN,NaN,NaN,NaN,NaN,NaN,NaN
2003,3,30,731670,NaN,NaN,NaN,NaN,NaN,NaN,NaN,NaN,NaN,NaN
2003,3,31,731671,NaN,NaN,NaN,NaN,NaN,NaN,NaN,NaN,NaN,NaN
2003,4,1,731672,NaN,NaN,NaN,NaN,NaN,NaN,NaN,NaN,NaN,NaN
2003,4,2,731673,NaN,NaN,NaN,NaN,NaN,NaN,NaN,NaN,NaN,NaN
2003,4,3,731674,NaN,NaN,NaN,NaN,NaN,NaN,NaN,NaN,NaN,NaN
2003,4,4,731675,NaN,NaN,NaN,NaN,NaN,NaN,NaN,NaN,NaN,NaN
2003,4,5,731676,NaN,NaN,NaN,NaN,NaN,NaN,NaN,NaN,NaN,NaN
2003,4,6,731677,NaN,NaN,NaN,NaN,NaN,NaN,NaN,NaN,NaN,NaN
2003,4,7,731678,NaN,NaN,NaN,NaN,NaN,NaN,NaN,NaN,NaN,NaN
2003,4,8,731679,NaN,NaN,NaN,NaN,NaN,NaN,NaN,NaN,NaN,NaN
2003,4,9,731680,NaN,NaN,NaN,NaN,NaN,NaN,NaN,NaN,NaN,NaN
2003,4,10,731681,NaN,NaN,NaN,NaN,NaN,NaN,NaN,NaN,NaN,NaN
2003,4,11,731682,NaN,NaN,NaN,NaN,NaN,NaN,NaN,NaN,NaN,NaN
2003,4,12,731683,NaN,NaN,NaN,NaN,NaN,NaN,NaN,NaN,NaN,NaN
2003,4,13,731684,NaN,NaN,NaN,NaN,NaN,NaN,NaN,NaN,NaN,NaN
2003,4,14,731685,NaN,NaN,NaN,NaN,NaN,NaN,NaN,NaN,NaN,NaN
2003,4,15,731686,NaN,NaN,NaN,NaN,NaN,NaN,NaN,NaN,NaN,NaN
2003,4,16,731687,NaN,NaN,NaN,NaN,NaN,NaN,NaN,NaN,NaN,NaN
2003,4,17,731688,NaN,NaN,NaN,NaN,NaN,NaN,NaN,NaN,NaN,NaN
2003,4,18,731689,NaN,NaN,NaN,NaN,NaN,NaN,NaN,NaN,NaN,NaN
2003,4,19,731690,NaN,NaN,NaN,NaN,NaN,NaN,NaN,NaN,NaN,NaN
2003,4,20,731691,NaN,NaN,NaN,NaN,NaN,NaN,NaN,NaN,NaN,NaN
2003,4,21,731692,NaN,NaN,NaN,NaN,NaN,NaN,NaN,NaN,NaN,NaN
2003,4,22,731693,NaN,NaN,NaN,NaN,NaN,NaN,NaN,NaN,NaN,NaN
2003,4,23,731694,NaN,NaN,NaN,NaN,NaN,NaN,NaN,NaN,NaN,NaN
2003,4,24,731695,NaN,NaN,NaN,NaN,NaN,NaN,NaN,NaN,NaN,NaN
2003,4,25,731696,NaN,NaN,NaN,NaN,NaN,NaN,NaN,NaN,NaN,NaN
2003,4,26,731697,NaN,NaN,NaN,NaN,NaN,NaN,NaN,NaN,NaN,NaN
2003,4,27,731698,NaN,NaN,NaN,NaN,NaN,NaN,NaN,NaN,NaN,NaN
2003,4,28,731699,NaN,NaN,NaN,NaN,NaN,NaN,NaN,NaN,NaN,NaN
2003,4,29,731700,NaN,NaN,NaN,NaN,NaN,NaN,NaN,NaN,NaN,NaN
2003,4,30,731701,NaN,NaN,NaN,NaN,NaN,NaN,NaN,NaN,NaN,NaN
2003,5,1,731702,NaN,NaN,NaN,NaN,NaN,NaN,NaN,NaN,NaN,NaN
2003,5,2,731703,NaN,NaN,NaN,NaN,NaN,NaN,NaN,NaN,NaN,NaN
2003,5,3,731704,NaN,NaN,NaN,NaN,NaN,NaN,NaN,NaN,NaN,NaN
2003,5,4,731705,NaN,NaN,NaN,NaN,NaN,NaN,NaN,NaN,NaN,NaN
2003,5,5,731706,NaN,NaN,NaN,NaN,NaN,NaN,NaN,NaN,NaN,NaN
2003,5,6,731707,NaN,NaN,NaN,NaN,NaN,NaN,NaN,NaN,NaN,NaN
2003,5,7,731708,NaN,NaN,NaN,NaN,NaN,NaN,NaN,NaN,NaN,NaN
2003,5,8,731709,NaN,NaN,NaN,NaN,NaN,NaN,NaN,NaN,NaN,NaN
2003,5,9,731710,NaN,NaN,NaN,NaN,NaN,NaN,NaN,NaN,NaN,NaN
2003,5,10,731711,NaN,NaN,NaN,NaN,NaN,NaN,NaN,NaN,NaN,NaN
2003,5,11,731712,NaN,NaN,NaN,NaN,NaN,NaN,NaN,NaN,NaN,NaN
2003,5,12,731713,NaN,NaN,NaN,NaN,NaN,NaN,NaN,NaN,NaN,NaN
2003,5,13,731714,NaN,NaN,NaN,NaN,NaN,NaN,NaN,NaN,NaN,NaN
2003,5,14,731715,NaN,NaN,NaN,NaN,NaN,NaN,NaN,NaN,NaN,NaN
2003,5,15,731716,NaN,NaN,NaN,NaN,NaN,NaN,NaN,NaN,NaN,NaN
2003,5,16,731717,NaN,NaN,NaN,NaN,NaN,NaN,NaN,NaN,NaN,NaN
2003,5,17,731718,NaN,NaN,NaN,NaN,NaN,NaN,NaN,NaN,NaN,NaN
2003,5,18,731719,NaN,NaN,NaN,NaN,NaN,NaN,NaN,NaN,NaN,NaN
2003,5,19,731720,NaN,NaN,NaN,NaN,NaN,NaN,NaN,NaN,NaN,NaN
2003,5,20,731721,NaN,NaN,NaN,NaN,NaN,NaN,NaN,NaN,NaN,NaN
2003,5,21,731722,NaN,NaN,NaN,NaN,NaN,NaN,NaN,NaN,NaN,NaN
2003,5,22,731723,NaN,NaN,NaN,NaN,NaN,NaN,NaN,NaN,NaN,NaN
2003,5,23,731724,NaN,NaN,NaN,NaN,NaN,NaN,NaN,NaN,NaN,NaN
2003,5,24,731725,NaN,NaN,NaN,NaN,NaN,NaN,NaN,NaN,NaN,NaN
2003,5,25,731726,NaN,NaN,NaN,NaN,NaN,NaN,NaN,NaN,NaN,NaN
2003,5,26,731727,NaN,NaN,NaN,NaN,NaN,NaN,NaN,NaN,NaN,NaN
2003,5,27,731728,NaN,NaN,NaN,NaN,NaN,NaN,NaN,NaN,NaN,NaN
2003,5,28,731729,NaN,NaN,NaN,NaN,NaN,NaN,NaN,NaN,NaN,NaN
2003,5,29,731730,NaN,NaN,NaN,NaN,NaN,NaN,NaN,NaN,NaN,NaN
2003,5,30,731731,NaN,NaN,NaN,NaN,NaN,NaN,NaN,NaN,NaN,NaN
2003,5,31,731732,NaN,NaN,NaN,NaN,NaN,NaN,NaN,NaN,NaN,NaN
2003,6,1,731733,NaN,NaN,NaN,NaN,NaN,NaN,NaN,NaN,NaN,NaN
2003,6,2,731734,NaN,NaN,NaN,NaN,NaN,NaN,NaN,NaN,NaN,NaN
2003,6,3,731735,NaN,NaN,NaN,NaN,NaN,NaN,NaN,NaN,NaN,NaN
2003,6,4,731736,NaN,NaN,NaN,NaN,NaN,NaN,NaN,NaN,NaN,NaN
2003,6,5,731737,NaN,NaN,NaN,NaN,NaN,NaN,NaN,NaN,NaN,NaN
2003,6,6,731738,NaN,NaN,NaN,NaN,NaN,NaN,NaN,NaN,NaN,NaN
2003,6,7,731739,NaN,NaN,NaN,NaN,NaN,NaN,NaN,NaN,NaN,NaN
2003,6,8,731740,NaN,NaN,NaN,NaN,NaN,NaN,NaN,NaN,NaN,NaN
2003,6,9,731741,NaN,NaN,NaN,NaN,NaN,NaN,NaN,NaN,NaN,NaN
2003,6,10,731742,NaN,NaN,NaN,NaN,NaN,NaN,NaN,NaN,NaN,NaN
2003,6,11,731743,NaN,NaN,NaN,NaN,NaN,NaN,NaN,NaN,NaN,NaN
2003,6,12,731744,NaN,NaN,NaN,NaN,NaN,NaN,NaN,NaN,NaN,NaN
2003,6,13,731745,NaN,NaN,NaN,NaN,NaN,NaN,NaN,NaN,NaN,NaN
2003,6,14,731746,NaN,NaN,NaN,NaN,NaN,NaN,NaN,NaN,NaN,NaN
2003,6,15,731747,NaN,NaN,NaN,NaN,NaN,NaN,NaN,NaN,NaN,NaN
2003,6,16,731748,NaN,NaN,NaN,NaN,NaN,NaN,NaN,NaN,NaN,NaN
2003,6,17,731749,NaN,NaN,NaN,NaN,NaN,NaN,NaN,NaN,NaN,NaN
2003,6,18,731750,NaN,NaN,NaN,NaN,NaN,NaN,NaN,NaN,NaN,NaN
2003,6,19,731751,NaN,NaN,NaN,NaN,NaN,NaN,NaN,NaN,NaN,NaN
2003,6,20,731752,NaN,NaN,NaN,NaN,NaN,NaN,NaN,NaN,NaN,NaN
2003,6,21,731753,NaN,NaN,NaN,NaN,NaN,NaN,NaN,NaN,NaN,NaN
2003,6,22,731754,NaN,NaN,NaN,NaN,NaN,NaN,NaN,NaN,NaN,NaN
2003,6,23,731755,NaN,NaN,NaN,NaN,NaN,NaN,NaN,NaN,NaN,NaN
2003,6,24,731756,NaN,NaN,NaN,NaN,NaN,NaN,NaN,NaN,NaN,NaN
2003,6,25,731757,NaN,NaN,NaN,NaN,NaN,NaN,NaN,NaN,NaN,NaN
2003,6,26,731758,NaN,NaN,NaN,NaN,NaN,NaN,NaN,NaN,NaN,NaN
2003,6,27,731759,NaN,NaN,NaN,NaN,NaN,NaN,NaN,NaN,NaN,NaN
2003,6,28,731760,NaN,NaN,NaN,NaN,NaN,NaN,NaN,NaN,NaN,NaN
2003,6,29,731761,NaN,NaN,NaN,NaN,NaN,NaN,NaN,NaN,NaN,NaN
2003,6,30,731762,NaN,NaN,NaN,NaN,NaN,NaN,NaN,NaN,NaN,NaN
2003,7,1,731763,NaN,NaN,NaN,NaN,NaN,NaN,NaN,NaN,NaN,NaN
2003,7,2,731764,NaN,NaN,NaN,NaN,NaN,NaN,NaN,NaN,NaN,NaN
2003,7,3,731765,NaN,NaN,NaN,NaN,NaN,NaN,NaN,NaN,NaN,NaN
2003,7,4,731766,NaN,NaN,NaN,NaN,NaN,NaN,NaN,NaN,NaN,NaN
2003,7,5,731767,NaN,NaN,NaN,NaN,NaN,NaN,NaN,NaN,NaN,NaN
2003,7,6,731768,NaN,NaN,NaN,NaN,NaN,NaN,NaN,NaN,NaN,NaN
2003,7,7,731769,NaN,NaN,NaN,NaN,NaN,NaN,NaN,NaN,NaN,NaN
2003,7,8,731770,NaN,NaN,NaN,NaN,NaN,NaN,NaN,NaN,NaN,NaN
2003,7,9,731771,NaN,NaN,NaN,NaN,NaN,NaN,NaN,NaN,NaN,NaN
2003,7,10,731772,NaN,NaN,NaN,NaN,NaN,NaN,NaN,NaN,NaN,NaN
2003,7,11,731773,NaN,NaN,NaN,NaN,NaN,NaN,NaN,NaN,NaN,NaN
2003,7,12,731774,NaN,NaN,NaN,NaN,NaN,NaN,NaN,NaN,NaN,NaN
2003,7,13,731775,NaN,NaN,NaN,NaN,NaN,NaN,NaN,NaN,NaN,NaN
2003,7,14,731776,NaN,NaN,NaN,NaN,NaN,NaN,NaN,NaN,NaN,NaN
2003,7,15,731777,NaN,NaN,NaN,NaN,NaN,NaN,NaN,NaN,NaN,NaN
2003,7,16,731778,NaN,NaN,NaN,NaN,NaN,NaN,NaN,NaN,NaN,NaN
2003,7,17,731779,NaN,NaN,NaN,NaN,NaN,NaN,NaN,NaN,NaN,NaN
2003,7,18,731780,NaN,NaN,NaN,NaN,NaN,NaN,NaN,NaN,NaN,NaN
2003,7,19,731781,NaN,NaN,NaN,NaN,NaN,NaN,NaN,NaN,NaN,NaN
2003,7,20,731782,NaN,NaN,NaN,NaN,NaN,NaN,NaN,NaN,NaN,NaN
2003,7,21,731783,NaN,NaN,NaN,NaN,NaN,NaN,NaN,NaN,NaN,NaN
2003,7,22,731784,NaN,NaN,NaN,NaN,NaN,NaN,NaN,NaN,NaN,NaN
2003,7,23,731785,NaN,NaN,NaN,NaN,NaN,NaN,NaN,NaN,NaN,NaN
2003,7,24,731786,NaN,NaN,NaN,NaN,NaN,NaN,NaN,NaN,NaN,NaN
2003,7,25,731787,NaN,NaN,NaN,NaN,NaN,NaN,NaN,NaN,NaN,NaN
2003,7,26,731788,NaN,NaN,NaN,NaN,NaN,NaN,NaN,NaN,NaN,NaN
2003,7,27,731789,NaN,NaN,NaN,NaN,NaN,NaN,NaN,NaN,NaN,NaN
2003,7,28,731790,NaN,NaN,NaN,NaN,NaN,NaN,NaN,NaN,NaN,NaN
2003,7,29,731791,NaN,NaN,NaN,NaN,NaN,NaN,NaN,NaN,NaN,NaN
2003,7,30,731792,NaN,NaN,NaN,NaN,NaN,NaN,NaN,NaN,NaN,NaN
2003,7,31,731793,NaN,NaN,NaN,NaN,NaN,NaN,NaN,NaN,NaN,NaN
2003,8,1,731794,NaN,NaN,NaN,NaN,NaN,NaN,NaN,NaN,NaN,NaN
2003,8,2,731795,NaN,NaN,NaN,NaN,NaN,NaN,NaN,NaN,NaN,NaN
2003,8,3,731796,NaN,NaN,NaN,NaN,NaN,NaN,NaN,NaN,NaN,NaN
2003,8,4,731797,NaN,NaN,NaN,NaN,NaN,NaN,NaN,NaN,NaN,NaN
2003,8,5,731798,NaN,NaN,NaN,NaN,NaN,NaN,NaN,NaN,NaN,NaN
2003,8,6,731799,NaN,NaN,NaN,NaN,NaN,NaN,NaN,NaN,NaN,NaN
2003,8,7,731800,NaN,NaN,NaN,NaN,NaN,NaN,NaN,NaN,NaN,NaN
2003,8,8,731801,NaN,NaN,NaN,NaN,NaN,NaN,NaN,NaN,NaN,NaN
2003,8,9,731802,NaN,NaN,NaN,NaN,NaN,NaN,NaN,NaN,NaN,NaN
2003,8,10,731803,NaN,NaN,NaN,NaN,NaN,NaN,NaN,NaN,NaN,NaN
2003,8,11,731804,NaN,NaN,NaN,NaN,NaN,NaN,NaN,NaN,NaN,NaN
2003,8,12,731805,NaN,NaN,NaN,NaN,NaN,NaN,NaN,NaN,NaN,NaN
2003,8,13,731806,NaN,NaN,NaN,NaN,NaN,NaN,NaN,NaN,NaN,NaN
2003,8,14,731807,NaN,NaN,NaN,NaN,NaN,NaN,NaN,NaN,NaN,NaN
2003,8,15,731808,NaN,NaN,NaN,NaN,NaN,NaN,NaN,NaN,NaN,NaN
2003,8,16,731809,NaN,NaN,NaN,NaN,NaN,NaN,NaN,NaN,NaN,NaN
2003,8,17,731810,NaN,NaN,NaN,NaN,NaN,NaN,NaN,NaN,NaN,NaN
2003,8,18,731811,NaN,NaN,NaN,NaN,NaN,NaN,NaN,NaN,NaN,NaN
2003,8,19,731812,NaN,NaN,NaN,NaN,NaN,NaN,NaN,NaN,NaN,NaN
2003,8,20,731813,NaN,NaN,NaN,NaN,NaN,NaN,NaN,NaN,NaN,NaN
2003,8,21,731814,NaN,NaN,NaN,NaN,NaN,NaN,NaN,NaN,NaN,NaN
2003,8,22,731815,NaN,NaN,NaN,NaN,NaN,NaN,NaN,NaN,NaN,NaN
2003,8,23,731816,NaN,NaN,NaN,NaN,NaN,NaN,NaN,NaN,NaN,NaN
2003,8,24,731817,NaN,NaN,NaN,NaN,NaN,NaN,NaN,NaN,NaN,NaN
2003,8,25,731818,NaN,NaN,NaN,NaN,NaN,NaN,NaN,NaN,NaN,NaN
2003,8,26,731819,NaN,NaN,NaN,NaN,NaN,NaN,NaN,NaN,NaN,NaN
2003,8,27,731820,NaN,NaN,NaN,NaN,NaN,NaN,NaN,NaN,NaN,NaN
2003,8,28,731821,NaN,NaN,NaN,NaN,NaN,NaN,NaN,NaN,NaN,NaN
2003,8,29,731822,NaN,NaN,NaN,NaN,NaN,NaN,NaN,NaN,NaN,NaN
2003,8,30,731823,NaN,NaN,NaN,NaN,NaN,NaN,NaN,NaN,NaN,NaN
2003,8,31,731824,NaN,NaN,NaN,NaN,NaN,NaN,NaN,NaN,NaN,NaN
2003,9,1,731825,NaN,NaN,NaN,NaN,NaN,NaN,NaN,NaN,NaN,NaN
2003,9,2,731826,NaN,NaN,NaN,NaN,NaN,NaN,NaN,NaN,NaN,NaN
2003,9,3,731827,NaN,NaN,NaN,NaN,NaN,NaN,NaN,NaN,NaN,NaN
2003,9,4,731828,NaN,NaN,NaN,NaN,NaN,NaN,NaN,NaN,NaN,NaN
2003,9,5,731829,NaN,NaN,NaN,NaN,NaN,NaN,NaN,NaN,NaN,NaN
2003,9,6,731830,NaN,NaN,NaN,NaN,NaN,NaN,NaN,NaN,NaN,NaN
2003,9,7,731831,NaN,NaN,NaN,NaN,NaN,NaN,NaN,NaN,NaN,NaN
2003,9,8,731832,NaN,NaN,NaN,NaN,NaN,NaN,NaN,NaN,NaN,NaN
2003,9,9,731833,NaN,NaN,NaN,NaN,NaN,NaN,NaN,NaN,NaN,NaN
2003,9,10,731834,NaN,NaN,NaN,NaN,NaN,NaN,NaN,NaN,NaN,NaN
2003,9,11,731835,NaN,NaN,NaN,NaN,NaN,NaN,NaN,NaN,NaN,NaN
2003,9,12,731836,NaN,NaN,NaN,NaN,NaN,NaN,NaN,NaN,NaN,NaN
2003,9,13,731837,NaN,NaN,NaN,NaN,NaN,NaN,NaN,NaN,NaN,NaN
2003,9,14,731838,NaN,NaN,NaN,NaN,NaN,NaN,NaN,NaN,NaN,NaN
2003,9,15,731839,NaN,NaN,NaN,NaN,NaN,NaN,NaN,NaN,NaN,NaN
2003,9,16,731840,NaN,NaN,NaN,NaN,NaN,NaN,NaN,NaN,NaN,NaN
2003,9,17,731841,NaN,NaN,NaN,NaN,NaN,NaN,NaN,NaN,NaN,NaN
2003,9,18,731842,NaN,NaN,NaN,NaN,NaN,NaN,NaN,NaN,NaN,NaN
2003,9,19,731843,NaN,NaN,NaN,NaN,NaN,NaN,NaN,NaN,NaN,NaN
2003,9,20,731844,NaN,NaN,NaN,NaN,NaN,NaN,NaN,NaN,NaN,NaN
2003,9,21,731845,NaN,NaN,NaN,NaN,NaN,NaN,NaN,NaN,NaN,NaN
2003,9,22,731846,NaN,NaN,NaN,NaN,NaN,NaN,NaN,NaN,NaN,NaN
2003,9,23,731847,NaN,NaN,NaN,NaN,NaN,NaN,NaN,NaN,NaN,NaN
2003,9,24,731848,NaN,NaN,NaN,NaN,NaN,NaN,NaN,NaN,NaN,NaN
2003,9,25,731849,NaN,NaN,NaN,NaN,NaN,NaN,NaN,NaN,NaN,NaN
2003,9,26,731850,NaN,NaN,NaN,NaN,NaN,NaN,NaN,NaN,NaN,NaN
2003,9,27,731851,NaN,NaN,NaN,NaN,NaN,NaN,NaN,NaN,NaN,NaN
2003,9,28,731852,NaN,NaN,NaN,NaN,NaN,NaN,NaN,NaN,NaN,NaN
2003,9,29,731853,NaN,NaN,NaN,NaN,NaN,NaN,NaN,NaN,NaN,NaN
2003,9,30,731854,NaN,NaN,NaN,NaN,NaN,NaN,NaN,NaN,NaN,NaN
2003,10,1,731855,NaN,NaN,NaN,NaN,NaN,NaN,NaN,NaN,NaN,NaN
2003,10,2,731856,NaN,NaN,NaN,NaN,NaN,NaN,NaN,NaN,NaN,NaN
2003,10,3,731857,NaN,NaN,NaN,NaN,NaN,NaN,NaN,NaN,NaN,NaN
2003,10,4,731858,NaN,NaN,NaN,NaN,NaN,NaN,NaN,NaN,NaN,NaN
2003,10,5,731859,NaN,NaN,NaN,NaN,NaN,NaN,NaN,NaN,NaN,NaN
2003,10,6,731860,NaN,NaN,NaN,NaN,NaN,NaN,NaN,NaN,NaN,NaN
2003,10,7,731861,NaN,NaN,NaN,NaN,NaN,NaN,NaN,NaN,NaN,NaN
2003,10,8,731862,NaN,NaN,NaN,NaN,NaN,NaN,NaN,NaN,NaN,NaN
2003,10,9,731863,NaN,NaN,NaN,NaN,NaN,NaN,NaN,NaN,NaN,NaN
2003,10,10,731864,NaN,NaN,NaN,NaN,NaN,NaN,NaN,NaN,NaN,NaN
2003,10,11,731865,NaN,NaN,NaN,NaN,NaN,NaN,NaN,NaN,NaN,NaN
2003,10,12,731866,NaN,NaN,NaN,NaN,NaN,NaN,NaN,NaN,NaN,NaN
2003,10,13,731867,NaN,NaN,NaN,NaN,NaN,NaN,NaN,NaN,NaN,NaN
2003,10,14,731868,NaN,NaN,NaN,NaN,NaN,NaN,NaN,NaN,NaN,NaN
2003,10,15,731869,NaN,NaN,NaN,NaN,NaN,NaN,NaN,NaN,NaN,NaN
2003,10,16,731870,NaN,NaN,NaN,NaN,NaN,NaN,NaN,NaN,NaN,NaN
2003,10,17,731871,NaN,NaN,NaN,NaN,NaN,NaN,NaN,NaN,NaN,NaN
2003,10,18,731872,NaN,NaN,NaN,NaN,NaN,NaN,NaN,NaN,NaN,NaN
2003,10,19,731873,NaN,NaN,NaN,NaN,NaN,NaN,NaN,NaN,NaN,NaN
2003,10,20,731874,NaN,NaN,NaN,NaN,NaN,NaN,NaN,NaN,NaN,NaN
2003,10,21,731875,NaN,NaN,NaN,NaN,NaN,NaN,NaN,NaN,NaN,NaN
2003,10,22,731876,NaN,NaN,NaN,NaN,NaN,NaN,NaN,NaN,NaN,NaN
2003,10,23,731877,NaN,NaN,NaN,NaN,NaN,NaN,NaN,NaN,NaN,NaN
2003,10,24,731878,NaN,NaN,NaN,NaN,NaN,NaN,NaN,NaN,NaN,NaN
2003,10,25,731879,NaN,NaN,NaN,NaN,NaN,NaN,NaN,NaN,NaN,NaN
2003,10,26,731880,NaN,NaN,NaN,NaN,NaN,NaN,NaN,NaN,NaN,NaN
2003,10,27,731881,NaN,NaN,NaN,NaN,NaN,NaN,NaN,NaN,NaN,NaN
2003,10,28,731882,NaN,NaN,NaN,NaN,NaN,NaN,NaN,NaN,NaN,NaN
2003,10,29,731883,NaN,NaN,NaN,NaN,NaN,NaN,NaN,NaN,NaN,NaN
2003,10,30,731884,NaN,NaN,NaN,NaN,NaN,NaN,NaN,NaN,NaN,NaN
2003,10,31,731885,NaN,NaN,NaN,NaN,NaN,NaN,NaN,NaN,NaN,NaN
2003,11,1,731886,NaN,NaN,NaN,NaN,NaN,NaN,NaN,NaN,NaN,NaN
2003,11,2,731887,NaN,NaN,NaN,NaN,NaN,NaN,NaN,NaN,NaN,NaN
2003,11,3,731888,NaN,NaN,NaN,NaN,NaN,NaN,NaN,NaN,NaN,NaN
2003,11,4,731889,NaN,NaN,NaN,NaN,NaN,NaN,NaN,NaN,NaN,NaN
2003,11,5,731890,NaN,NaN,NaN,NaN,NaN,NaN,NaN,NaN,NaN,NaN
2003,11,6,731891,NaN,NaN,NaN,NaN,NaN,NaN,NaN,NaN,NaN,NaN
2003,11,7,731892,NaN,NaN,NaN,NaN,NaN,NaN,NaN,NaN,NaN,NaN
2003,11,8,731893,NaN,NaN,NaN,NaN,NaN,NaN,NaN,NaN,NaN,NaN
2003,11,9,731894,NaN,NaN,NaN,NaN,NaN,NaN,NaN,NaN,NaN,NaN
2003,11,10,731895,NaN,NaN,NaN,NaN,NaN,NaN,NaN,NaN,NaN,NaN
2003,11,11,731896,NaN,NaN,NaN,NaN,NaN,NaN,NaN,NaN,NaN,NaN
2003,11,12,731897,NaN,NaN,NaN,NaN,NaN,NaN,NaN,NaN,NaN,NaN
2003,11,13,731898,NaN,NaN,NaN,NaN,NaN,NaN,NaN,NaN,NaN,NaN
2003,11,14,731899,NaN,NaN,NaN,NaN,NaN,NaN,NaN,NaN,NaN,NaN
2003,11,15,731900,NaN,NaN,NaN,NaN,NaN,NaN,NaN,NaN,NaN,NaN
2003,11,16,731901,NaN,NaN,NaN,NaN,NaN,NaN,NaN,NaN,NaN,NaN
2003,11,17,731902,NaN,NaN,NaN,NaN,NaN,NaN,NaN,NaN,NaN,NaN
2003,11,18,731903,NaN,NaN,NaN,NaN,NaN,NaN,NaN,NaN,NaN,NaN
2003,11,19,731904,NaN,NaN,NaN,NaN,NaN,NaN,NaN,NaN,NaN,NaN
2003,11,20,731905,NaN,NaN,NaN,NaN,NaN,NaN,NaN,NaN,NaN,NaN
2003,11,21,731906,NaN,NaN,NaN,NaN,NaN,NaN,NaN,NaN,NaN,NaN
2003,11,22,731907,NaN,NaN,NaN,NaN,NaN,NaN,NaN,NaN,NaN,NaN
2003,11,23,731908,NaN,NaN,NaN,NaN,NaN,NaN,NaN,NaN,NaN,NaN
2003,11,24,731909,NaN,NaN,NaN,NaN,NaN,NaN,NaN,NaN,NaN,NaN
2003,11,25,731910,NaN,NaN,NaN,NaN,NaN,NaN,NaN,NaN,NaN,NaN
2003,11,26,731911,NaN,NaN,NaN,NaN,NaN,NaN,NaN,NaN,NaN,NaN
2003,11,27,731912,NaN,NaN,NaN,NaN,NaN,NaN,NaN,NaN,NaN,NaN
2003,11,28,731913,NaN,NaN,NaN,NaN,NaN,NaN,NaN,NaN,NaN,NaN
2003,11,29,731914,NaN,NaN,NaN,NaN,NaN,NaN,NaN,NaN,NaN,NaN
2003,11,30,731915,NaN,NaN,NaN,NaN,NaN,NaN,NaN,NaN,NaN,NaN
2003,12,1,731916,NaN,NaN,NaN,NaN,NaN,NaN,NaN,NaN,NaN,NaN
2003,12,2,731917,NaN,NaN,NaN,NaN,NaN,NaN,NaN,NaN,NaN,NaN
2003,12,3,731918,NaN,NaN,NaN,NaN,NaN,NaN,NaN,NaN,NaN,NaN
2003,12,4,731919,NaN,NaN,NaN,NaN,NaN,NaN,NaN,NaN,NaN,NaN
2003,12,5,731920,NaN,NaN,NaN,NaN,NaN,NaN,NaN,NaN,NaN,NaN
2003,12,6,731921,NaN,NaN,NaN,NaN,NaN,NaN,NaN,NaN,NaN,NaN
2003,12,7,731922,NaN,NaN,NaN,NaN,NaN,NaN,NaN,NaN,NaN,NaN
2003,12,8,731923,NaN,NaN,NaN,NaN,NaN,NaN,NaN,NaN,NaN,NaN
2003,12,9,731924,NaN,NaN,NaN,NaN,NaN,NaN,NaN,NaN,NaN,NaN
2003,12,10,731925,NaN,NaN,NaN,NaN,NaN,NaN,NaN,NaN,NaN,NaN
2003,12,11,731926,NaN,NaN,NaN,NaN,NaN,NaN,NaN,NaN,NaN,NaN
2003,12,12,731927,NaN,NaN,NaN,NaN,NaN,NaN,NaN,NaN,NaN,NaN
2003,12,13,731928,NaN,NaN,NaN,NaN,NaN,NaN,NaN,NaN,NaN,NaN
2003,12,14,731929,NaN,NaN,NaN,NaN,NaN,NaN,NaN,NaN,NaN,NaN
2003,12,15,731930,NaN,NaN,NaN,NaN,NaN,NaN,NaN,NaN,NaN,NaN
2003,12,16,731931,NaN,NaN,NaN,NaN,NaN,NaN,NaN,NaN,NaN,NaN
2003,12,17,731932,NaN,NaN,NaN,NaN,NaN,NaN,NaN,NaN,NaN,NaN
2003,12,18,731933,NaN,NaN,NaN,NaN,NaN,NaN,NaN,NaN,NaN,NaN
2003,12,19,731934,NaN,NaN,NaN,NaN,NaN,NaN,NaN,NaN,NaN,NaN
2003,12,20,731935,NaN,NaN,NaN,NaN,NaN,NaN,NaN,NaN,NaN,NaN
2003,12,21,731936,NaN,NaN,NaN,NaN,NaN,NaN,NaN,NaN,NaN,NaN
2003,12,22,731937,NaN,NaN,NaN,NaN,NaN,NaN,NaN,NaN,NaN,NaN
2003,12,23,731938,NaN,NaN,NaN,NaN,NaN,NaN,NaN,NaN,NaN,NaN
2003,12,24,731939,NaN,NaN,NaN,NaN,NaN,NaN,NaN,NaN,NaN,NaN
2003,12,25,731940,NaN,NaN,NaN,NaN,NaN,NaN,NaN,NaN,NaN,NaN
2003,12,26,731941,NaN,NaN,NaN,NaN,NaN,NaN,NaN,NaN,NaN,NaN
2003,12,27,731942,NaN,NaN,NaN,NaN,NaN,NaN,NaN,NaN,NaN,NaN
2003,12,28,731943,NaN,NaN,NaN,NaN,NaN,NaN,NaN,NaN,NaN,NaN
2003,12,29,731944,NaN,NaN,NaN,NaN,NaN,NaN,NaN,NaN,NaN,NaN
2003,12,30,731945,NaN,NaN,NaN,NaN,NaN,NaN,NaN,NaN,NaN,NaN
2003,12,31,731946,NaN,NaN,NaN,NaN,NaN,NaN,NaN,NaN,NaN,NaN
2004,1,1,731947,NaN,NaN,NaN,NaN,NaN,NaN,NaN,NaN,NaN,NaN
2004,1,2,731948,NaN,NaN,NaN,NaN,NaN,NaN,NaN,NaN,NaN,NaN
2004,1,3,731949,NaN,NaN,NaN,NaN,NaN,NaN,NaN,NaN,NaN,NaN
2004,1,4,731950,NaN,NaN,NaN,NaN,NaN,NaN,NaN,NaN,NaN,NaN
2004,1,5,731951,NaN,NaN,NaN,NaN,NaN,NaN,NaN,NaN,NaN,NaN
2004,1,6,731952,NaN,NaN,NaN,NaN,NaN,NaN,NaN,NaN,NaN,NaN
2004,1,7,731953,NaN,NaN,NaN,NaN,NaN,NaN,NaN,NaN,NaN,NaN
2004,1,8,731954,NaN,NaN,NaN,NaN,NaN,NaN,NaN,NaN,NaN,NaN
2004,1,9,731955,NaN,NaN,NaN,NaN,NaN,NaN,NaN,NaN,NaN,NaN
2004,1,10,731956,NaN,NaN,NaN,NaN,NaN,NaN,NaN,NaN,NaN,NaN
2004,1,11,731957,NaN,NaN,NaN,NaN,NaN,NaN,NaN,NaN,NaN,NaN
2004,1,12,731958,NaN,NaN,NaN,NaN,NaN,NaN,NaN,NaN,NaN,NaN
2004,1,13,731959,NaN,NaN,NaN,NaN,NaN,NaN,NaN,NaN,NaN,NaN
2004,1,14,731960,NaN,NaN,NaN,NaN,NaN,NaN,NaN,NaN,NaN,NaN
2004,1,15,731961,NaN,NaN,NaN,NaN,NaN,NaN,NaN,NaN,NaN,NaN
2004,1,16,731962,NaN,NaN,NaN,NaN,NaN,NaN,NaN,NaN,NaN,NaN
2004,1,17,731963,NaN,NaN,NaN,NaN,NaN,NaN,NaN,NaN,NaN,NaN
2004,1,18,731964,NaN,NaN,NaN,NaN,NaN,NaN,NaN,NaN,NaN,NaN
2004,1,19,731965,NaN,NaN,NaN,NaN,NaN,NaN,NaN,NaN,NaN,NaN
2004,1,20,731966,NaN,NaN,NaN,NaN,NaN,NaN,NaN,NaN,NaN,NaN
2004,1,21,731967,NaN,NaN,NaN,NaN,NaN,NaN,NaN,NaN,NaN,NaN
2004,1,22,731968,NaN,NaN,NaN,NaN,NaN,NaN,NaN,NaN,NaN,NaN
2004,1,23,731969,NaN,NaN,NaN,NaN,NaN,NaN,NaN,NaN,NaN,NaN
2004,1,24,731970,NaN,NaN,NaN,NaN,NaN,NaN,NaN,NaN,NaN,NaN
2004,1,25,731971,NaN,NaN,NaN,NaN,NaN,NaN,NaN,NaN,NaN,NaN
2004,1,26,731972,NaN,NaN,NaN,NaN,NaN,NaN,NaN,NaN,NaN,NaN
2004,1,27,731973,NaN,NaN,NaN,NaN,NaN,NaN,NaN,NaN,NaN,NaN
2004,1,28,731974,NaN,NaN,NaN,NaN,NaN,NaN,NaN,NaN,NaN,NaN
2004,1,29,731975,NaN,NaN,NaN,NaN,NaN,NaN,NaN,NaN,NaN,NaN
2004,1,30,731976,NaN,NaN,NaN,NaN,NaN,NaN,NaN,NaN,NaN,NaN
2004,1,31,731977,NaN,NaN,NaN,NaN,NaN,NaN,NaN,NaN,NaN,NaN
2004,2,1,731978,NaN,NaN,NaN,NaN,NaN,NaN,NaN,NaN,NaN,NaN
2004,2,2,731979,NaN,NaN,NaN,NaN,NaN,NaN,NaN,NaN,NaN,NaN
2004,2,3,731980,NaN,NaN,NaN,NaN,NaN,NaN,NaN,NaN,NaN,NaN
2004,2,4,731981,NaN,NaN,NaN,NaN,NaN,NaN,NaN,NaN,NaN,NaN
2004,2,5,731982,NaN,NaN,NaN,NaN,NaN,NaN,NaN,NaN,NaN,NaN
2004,2,6,731983,NaN,NaN,NaN,NaN,NaN,NaN,NaN,NaN,NaN,NaN
2004,2,7,731984,NaN,NaN,NaN,NaN,NaN,NaN,NaN,NaN,NaN,NaN
2004,2,8,731985,NaN,NaN,NaN,NaN,NaN,NaN,NaN,NaN,NaN,NaN
2004,2,9,731986,NaN,NaN,NaN,NaN,NaN,NaN,NaN,NaN,NaN,NaN
2004,2,10,731987,NaN,NaN,NaN,NaN,NaN,NaN,NaN,NaN,NaN,NaN
2004,2,11,731988,NaN,NaN,NaN,NaN,NaN,NaN,NaN,NaN,NaN,NaN
2004,2,12,731989,NaN,NaN,NaN,NaN,NaN,NaN,NaN,NaN,NaN,NaN
2004,2,13,731990,NaN,NaN,NaN,NaN,NaN,NaN,NaN,NaN,NaN,NaN
2004,2,14,731991,NaN,NaN,NaN,NaN,NaN,NaN,NaN,NaN,NaN,NaN
2004,2,15,731992,NaN,NaN,NaN,NaN,NaN,NaN,NaN,NaN,NaN,NaN
2004,2,16,731993,NaN,NaN,NaN,NaN,NaN,NaN,NaN,NaN,NaN,NaN
2004,2,17,731994,NaN,NaN,NaN,NaN,NaN,NaN,NaN,NaN,NaN,NaN
2004,2,18,731995,NaN,NaN,NaN,NaN,NaN,NaN,NaN,NaN,NaN,NaN
2004,2,19,731996,NaN,NaN,NaN,NaN,NaN,NaN,NaN,NaN,NaN,NaN
2004,2,20,731997,NaN,NaN,NaN,NaN,NaN,NaN,NaN,NaN,NaN,NaN
2004,2,21,731998,NaN,NaN,NaN,NaN,NaN,NaN,NaN,NaN,NaN,NaN
2004,2,22,731999,NaN,NaN,NaN,NaN,NaN,NaN,NaN,NaN,NaN,NaN
2004,2,23,732000,NaN,NaN,NaN,NaN,NaN,NaN,NaN,NaN,NaN,NaN
2004,2,24,732001,NaN,NaN,NaN,NaN,NaN,NaN,NaN,NaN,NaN,NaN
2004,2,25,732002,NaN,NaN,NaN,NaN,NaN,NaN,NaN,NaN,NaN,NaN
2004,2,26,732003,NaN,NaN,NaN,NaN,NaN,NaN,NaN,NaN,NaN,NaN
2004,2,27,732004,NaN,NaN,NaN,NaN,NaN,NaN,NaN,NaN,NaN,NaN
2004,2,28,732005,NaN,NaN,NaN,NaN,NaN,NaN,NaN,NaN,NaN,NaN
2004,2,29,732006,NaN,NaN,NaN,NaN,NaN,NaN,NaN,NaN,NaN,NaN
2004,3,1,732007,NaN,NaN,NaN,NaN,NaN,NaN,NaN,NaN,NaN,NaN
2004,3,2,732008,NaN,NaN,NaN,NaN,NaN,NaN,NaN,NaN,NaN,NaN
2004,3,3,732009,NaN,NaN,NaN,NaN,NaN,NaN,NaN,NaN,NaN,NaN
2004,3,4,732010,NaN,NaN,NaN,NaN,NaN,NaN,NaN,NaN,NaN,NaN
2004,3,5,732011,NaN,NaN,NaN,NaN,NaN,NaN,NaN,NaN,NaN,NaN
2004,3,6,732012,NaN,NaN,NaN,NaN,NaN,NaN,NaN,NaN,NaN,NaN
2004,3,7,732013,NaN,NaN,NaN,NaN,NaN,NaN,NaN,NaN,NaN,NaN
2004,3,8,732014,NaN,NaN,NaN,NaN,NaN,NaN,NaN,NaN,NaN,NaN
2004,3,9,732015,NaN,NaN,NaN,NaN,NaN,NaN,NaN,NaN,NaN,NaN
2004,3,10,732016,NaN,NaN,NaN,NaN,NaN,NaN,NaN,NaN,NaN,NaN
2004,3,11,732017,NaN,NaN,NaN,NaN,NaN,NaN,NaN,NaN,NaN,NaN
2004,3,12,732018,NaN,NaN,NaN,NaN,NaN,NaN,NaN,NaN,NaN,NaN
2004,3,13,732019,NaN,NaN,NaN,NaN,NaN,NaN,NaN,NaN,NaN,NaN
2004,3,14,732020,NaN,NaN,NaN,NaN,NaN,NaN,NaN,NaN,NaN,NaN
2004,3,15,732021,NaN,NaN,NaN,NaN,NaN,NaN,NaN,NaN,NaN,NaN
2004,3,16,732022,NaN,NaN,NaN,NaN,NaN,NaN,NaN,NaN,NaN,NaN
2004,3,17,732023,NaN,NaN,NaN,NaN,NaN,NaN,NaN,NaN,NaN,NaN
2004,3,18,732024,NaN,NaN,NaN,NaN,NaN,NaN,NaN,NaN,NaN,NaN
2004,3,19,732025,NaN,NaN,NaN,NaN,NaN,NaN,NaN,NaN,NaN,NaN
2004,3,20,732026,NaN,NaN,NaN,NaN,NaN,NaN,NaN,NaN,NaN,NaN
2004,3,21,732027,NaN,NaN,NaN,NaN,NaN,NaN,NaN,NaN,NaN,NaN
2004,3,22,732028,NaN,NaN,NaN,NaN,NaN,NaN,NaN,NaN,NaN,NaN
2004,3,23,732029,NaN,NaN,NaN,NaN,NaN,NaN,NaN,NaN,NaN,NaN
2004,3,24,732030,NaN,NaN,NaN,NaN,NaN,NaN,NaN,NaN,NaN,NaN
2004,3,25,732031,NaN,NaN,NaN,NaN,NaN,NaN,NaN,NaN,NaN,NaN
2004,3,26,732032,NaN,NaN,NaN,NaN,NaN,NaN,NaN,NaN,NaN,NaN
2004,3,27,732033,NaN,NaN,NaN,NaN,NaN,NaN,NaN,NaN,NaN,NaN
2004,3,28,732034,NaN,NaN,NaN,NaN,NaN,NaN,NaN,NaN,NaN,NaN
2004,3,29,732035,NaN,NaN,NaN,NaN,NaN,NaN,NaN,NaN,NaN,NaN
2004,3,30,732036,NaN,NaN,NaN,NaN,NaN,NaN,NaN,NaN,NaN,NaN
2004,3,31,732037,NaN,NaN,NaN,NaN,NaN,NaN,NaN,NaN,NaN,NaN
2004,4,1,732038,NaN,NaN,NaN,NaN,NaN,NaN,NaN,NaN,NaN,NaN
2004,4,2,732039,NaN,NaN,NaN,NaN,NaN,NaN,NaN,NaN,NaN,NaN
2004,4,3,732040,NaN,NaN,NaN,NaN,NaN,NaN,NaN,NaN,NaN,NaN
2004,4,4,732041,NaN,NaN,NaN,NaN,NaN,NaN,NaN,NaN,NaN,NaN
2004,4,5,732042,NaN,NaN,NaN,NaN,NaN,NaN,NaN,NaN,NaN,NaN
2004,4,6,732043,NaN,NaN,NaN,NaN,NaN,NaN,NaN,NaN,NaN,NaN
2004,4,7,732044,NaN,NaN,NaN,NaN,NaN,NaN,NaN,NaN,NaN,NaN
2004,4,8,732045,NaN,NaN,NaN,NaN,NaN,NaN,NaN,NaN,NaN,NaN
2004,4,9,732046,NaN,NaN,NaN,NaN,NaN,NaN,NaN,NaN,NaN,NaN
2004,4,10,732047,NaN,NaN,NaN,NaN,NaN,NaN,NaN,NaN,NaN,NaN
2004,4,11,732048,NaN,NaN,NaN,NaN,NaN,NaN,NaN,NaN,NaN,NaN
2004,4,12,732049,NaN,NaN,NaN,NaN,NaN,NaN,NaN,NaN,NaN,NaN
2004,4,13,732050,NaN,NaN,NaN,NaN,NaN,NaN,NaN,NaN,NaN,NaN
2004,4,14,732051,NaN,NaN,NaN,NaN,NaN,NaN,NaN,NaN,NaN,NaN
2004,4,15,732052,NaN,NaN,NaN,NaN,NaN,NaN,NaN,NaN,NaN,NaN
2004,4,16,732053,NaN,NaN,NaN,NaN,NaN,NaN,NaN,NaN,NaN,NaN
2004,4,17,732054,NaN,NaN,NaN,NaN,NaN,NaN,NaN,NaN,NaN,NaN
2004,4,18,732055,NaN,NaN,NaN,NaN,NaN,NaN,NaN,NaN,NaN,NaN
2004,4,19,732056,NaN,NaN,NaN,NaN,NaN,NaN,NaN,NaN,NaN,NaN
2004,4,20,732057,NaN,NaN,NaN,NaN,NaN,NaN,NaN,NaN,NaN,NaN
2004,4,21,732058,NaN,NaN,NaN,NaN,NaN,NaN,NaN,NaN,NaN,NaN
2004,4,22,732059,NaN,NaN,NaN,NaN,NaN,NaN,NaN,NaN,NaN,NaN
2004,4,23,732060,NaN,NaN,NaN,NaN,NaN,NaN,NaN,NaN,NaN,NaN
2004,4,24,732061,NaN,NaN,NaN,NaN,NaN,NaN,NaN,NaN,NaN,NaN
2004,4,25,732062,NaN,NaN,NaN,NaN,NaN,NaN,NaN,NaN,NaN,NaN
2004,4,26,732063,NaN,NaN,NaN,NaN,NaN,NaN,NaN,NaN,NaN,NaN
2004,4,27,732064,NaN,NaN,NaN,NaN,NaN,NaN,NaN,NaN,NaN,NaN
2004,4,28,732065,NaN,NaN,NaN,NaN,NaN,NaN,NaN,NaN,NaN,NaN
2004,4,29,732066,NaN,NaN,NaN,NaN,NaN,NaN,NaN,NaN,NaN,NaN
2004,4,30,732067,NaN,NaN,NaN,NaN,NaN,NaN,NaN,NaN,NaN,NaN
2004,5,1,732068,NaN,NaN,NaN,NaN,NaN,NaN,NaN,NaN,NaN,NaN
2004,5,2,732069,NaN,NaN,NaN,NaN,NaN,NaN,NaN,NaN,NaN,NaN
2004,5,3,732070,NaN,NaN,NaN,NaN,NaN,NaN,NaN,NaN,NaN,NaN
2004,5,4,732071,NaN,NaN,NaN,NaN,NaN,NaN,NaN,NaN,NaN,NaN
2004,5,5,732072,NaN,NaN,NaN,NaN,NaN,NaN,NaN,NaN,NaN,NaN
2004,5,6,732073,NaN,NaN,NaN,NaN,NaN,NaN,NaN,NaN,NaN,NaN
2004,5,7,732074,NaN,NaN,NaN,NaN,NaN,NaN,NaN,NaN,NaN,NaN
2004,5,8,732075,NaN,NaN,NaN,NaN,NaN,NaN,NaN,NaN,NaN,NaN
2004,5,9,732076,NaN,NaN,NaN,NaN,NaN,NaN,NaN,NaN,NaN,NaN
2004,5,10,732077,NaN,NaN,NaN,NaN,NaN,NaN,NaN,NaN,NaN,NaN
2004,5,11,732078,NaN,NaN,NaN,NaN,NaN,NaN,NaN,NaN,NaN,NaN
2004,5,12,732079,NaN,NaN,NaN,NaN,NaN,NaN,NaN,NaN,NaN,NaN
2004,5,13,732080,NaN,NaN,NaN,NaN,NaN,NaN,NaN,NaN,NaN,NaN
2004,5,14,732081,NaN,NaN,NaN,NaN,NaN,NaN,NaN,NaN,NaN,NaN
2004,5,15,732082,NaN,NaN,NaN,NaN,NaN,NaN,NaN,NaN,NaN,NaN
2004,5,16,732083,NaN,NaN,NaN,NaN,NaN,NaN,NaN,NaN,NaN,NaN
2004,5,17,732084,NaN,NaN,NaN,NaN,NaN,NaN,NaN,NaN,NaN,NaN
2004,5,18,732085,NaN,NaN,NaN,NaN,NaN,NaN,NaN,NaN,NaN,NaN
2004,5,19,732086,NaN,NaN,NaN,NaN,NaN,NaN,NaN,NaN,NaN,NaN
2004,5,20,732087,NaN,NaN,NaN,NaN,NaN,NaN,NaN,NaN,NaN,NaN
2004,5,21,732088,NaN,NaN,NaN,NaN,NaN,NaN,NaN,NaN,NaN,NaN
2004,5,22,732089,NaN,NaN,NaN,NaN,NaN,NaN,NaN,NaN,NaN,NaN
2004,5,23,732090,NaN,NaN,NaN,NaN,NaN,NaN,NaN,NaN,NaN,NaN
2004,5,24,732091,NaN,NaN,NaN,NaN,NaN,NaN,NaN,NaN,NaN,NaN
2004,5,25,732092,NaN,NaN,NaN,NaN,NaN,NaN,NaN,NaN,NaN,NaN
2004,5,26,732093,NaN,NaN,NaN,NaN,NaN,NaN,NaN,NaN,NaN,NaN
2004,5,27,732094,NaN,NaN,NaN,NaN,NaN,NaN,NaN,NaN,NaN,NaN
2004,5,28,732095,NaN,NaN,NaN,NaN,NaN,NaN,NaN,NaN,NaN,NaN
2004,5,29,732096,NaN,NaN,NaN,NaN,NaN,NaN,NaN,NaN,NaN,NaN
2004,5,30,732097,NaN,NaN,NaN,NaN,NaN,NaN,NaN,NaN,NaN,NaN
2004,5,31,732098,NaN,NaN,NaN,NaN,NaN,NaN,NaN,NaN,NaN,NaN
2004,6,1,732099,NaN,NaN,NaN,NaN,NaN,NaN,NaN,NaN,NaN,NaN
2004,6,2,732100,NaN,NaN,NaN,NaN,NaN,NaN,NaN,NaN,NaN,NaN
2004,6,3,732101,NaN,NaN,NaN,NaN,NaN,NaN,NaN,NaN,NaN,NaN
2004,6,4,732102,NaN,NaN,NaN,NaN,NaN,NaN,NaN,NaN,NaN,NaN
2004,6,5,732103,NaN,NaN,NaN,NaN,NaN,NaN,NaN,NaN,NaN,NaN
2004,6,6,732104,NaN,NaN,NaN,NaN,NaN,NaN,NaN,NaN,NaN,NaN
2004,6,7,732105,NaN,NaN,NaN,NaN,NaN,NaN,NaN,NaN,NaN,NaN
2004,6,8,732106,NaN,NaN,NaN,NaN,NaN,NaN,NaN,NaN,NaN,NaN
2004,6,9,732107,NaN,NaN,NaN,NaN,NaN,NaN,NaN,NaN,NaN,NaN
2004,6,10,732108,NaN,NaN,NaN,NaN,NaN,NaN,NaN,NaN,NaN,NaN
2004,6,11,732109,NaN,NaN,NaN,NaN,NaN,NaN,NaN,NaN,NaN,NaN
2004,6,12,732110,NaN,NaN,NaN,NaN,NaN,NaN,NaN,NaN,NaN,NaN
2004,6,13,732111,NaN,NaN,NaN,NaN,NaN,NaN,NaN,NaN,NaN,NaN
2004,6,14,732112,NaN,NaN,NaN,NaN,NaN,NaN,NaN,NaN,NaN,NaN
2004,6,15,732113,NaN,NaN,NaN,NaN,NaN,NaN,NaN,NaN,NaN,NaN
2004,6,16,732114,NaN,NaN,NaN,NaN,NaN,NaN,NaN,NaN,NaN,NaN
2004,6,17,732115,NaN,NaN,NaN,NaN,NaN,NaN,NaN,NaN,NaN,NaN
2004,6,18,732116,NaN,NaN,NaN,NaN,NaN,NaN,NaN,NaN,NaN,NaN
2004,6,19,732117,NaN,NaN,NaN,NaN,NaN,NaN,NaN,NaN,NaN,NaN
2004,6,20,732118,NaN,NaN,NaN,NaN,NaN,NaN,NaN,NaN,NaN,NaN
2004,6,21,732119,NaN,NaN,NaN,NaN,NaN,NaN,NaN,NaN,NaN,NaN
2004,6,22,732120,NaN,NaN,NaN,NaN,NaN,NaN,NaN,NaN,NaN,NaN
2004,6,23,732121,NaN,NaN,NaN,NaN,NaN,NaN,NaN,NaN,NaN,NaN
2004,6,24,732122,NaN,NaN,NaN,NaN,NaN,NaN,NaN,NaN,NaN,NaN
2004,6,25,732123,NaN,NaN,NaN,NaN,NaN,NaN,NaN,NaN,NaN,NaN
2004,6,26,732124,NaN,NaN,NaN,NaN,NaN,NaN,NaN,NaN,NaN,NaN
2004,6,27,732125,NaN,NaN,NaN,NaN,NaN,NaN,NaN,NaN,NaN,NaN
2004,6,28,732126,NaN,NaN,NaN,NaN,NaN,NaN,NaN,NaN,NaN,NaN
2004,6,29,732127,NaN,NaN,NaN,NaN,NaN,NaN,NaN,NaN,NaN,NaN
2004,6,30,732128,NaN,NaN,NaN,NaN,NaN,NaN,NaN,NaN,NaN,NaN
2004,7,1,732129,NaN,NaN,NaN,NaN,NaN,NaN,NaN,NaN,NaN,NaN
2004,7,2,732130,NaN,NaN,NaN,NaN,NaN,NaN,NaN,NaN,NaN,NaN
2004,7,3,732131,NaN,NaN,NaN,NaN,NaN,NaN,NaN,NaN,NaN,NaN
2004,7,4,732132,NaN,NaN,NaN,NaN,NaN,NaN,NaN,NaN,NaN,NaN
2004,7,5,732133,NaN,NaN,NaN,NaN,NaN,NaN,NaN,NaN,NaN,NaN
2004,7,6,732134,NaN,NaN,NaN,NaN,NaN,NaN,NaN,NaN,NaN,NaN
2004,7,7,732135,NaN,NaN,NaN,NaN,NaN,NaN,NaN,NaN,NaN,NaN
2004,7,8,732136,NaN,NaN,NaN,NaN,NaN,NaN,NaN,NaN,NaN,NaN
2004,7,9,732137,NaN,NaN,NaN,NaN,NaN,NaN,NaN,NaN,NaN,NaN
2004,7,10,732138,NaN,NaN,NaN,NaN,NaN,NaN,NaN,NaN,NaN,NaN
2004,7,11,732139,NaN,NaN,NaN,NaN,NaN,NaN,NaN,NaN,NaN,NaN
2004,7,12,732140,NaN,NaN,NaN,NaN,NaN,NaN,NaN,NaN,NaN,NaN
2004,7,13,732141,NaN,NaN,NaN,NaN,NaN,NaN,NaN,NaN,NaN,NaN
2004,7,14,732142,NaN,NaN,NaN,NaN,NaN,NaN,NaN,NaN,NaN,NaN
2004,7,15,732143,NaN,NaN,NaN,NaN,NaN,NaN,NaN,NaN,NaN,NaN
2004,7,16,732144,NaN,NaN,NaN,NaN,NaN,NaN,NaN,NaN,NaN,NaN
2004,7,17,732145,NaN,NaN,NaN,NaN,NaN,NaN,NaN,NaN,NaN,NaN
2004,7,18,732146,NaN,NaN,NaN,NaN,NaN,NaN,NaN,NaN,NaN,NaN
2004,7,19,732147,NaN,NaN,NaN,NaN,NaN,NaN,NaN,NaN,NaN,NaN
2004,7,20,732148,NaN,NaN,NaN,NaN,NaN,NaN,NaN,NaN,NaN,NaN
2004,7,21,732149,NaN,NaN,NaN,NaN,NaN,NaN,NaN,NaN,NaN,NaN
2004,7,22,732150,NaN,NaN,NaN,NaN,NaN,NaN,NaN,NaN,NaN,NaN
2004,7,23,732151,NaN,NaN,NaN,NaN,NaN,NaN,NaN,NaN,NaN,NaN
2004,7,24,732152,NaN,NaN,NaN,NaN,NaN,NaN,NaN,NaN,NaN,NaN
2004,7,25,732153,NaN,NaN,NaN,NaN,NaN,NaN,NaN,NaN,NaN,NaN
2004,7,26,732154,NaN,NaN,NaN,NaN,NaN,NaN,NaN,NaN,NaN,NaN
2004,7,27,732155,NaN,NaN,NaN,NaN,NaN,NaN,NaN,NaN,NaN,NaN
2004,7,28,732156,NaN,NaN,NaN,NaN,NaN,NaN,NaN,NaN,NaN,NaN
2004,7,29,732157,NaN,NaN,NaN,NaN,NaN,NaN,NaN,NaN,NaN,NaN
2004,7,30,732158,NaN,NaN,NaN,NaN,NaN,NaN,NaN,NaN,NaN,NaN
2004,7,31,732159,NaN,NaN,NaN,NaN,NaN,NaN,NaN,NaN,NaN,NaN
2004,8,1,732160,NaN,NaN,NaN,NaN,NaN,NaN,NaN,NaN,NaN,NaN
2004,8,2,732161,NaN,NaN,NaN,NaN,NaN,NaN,NaN,NaN,NaN,NaN
2004,8,3,732162,NaN,NaN,NaN,NaN,NaN,NaN,NaN,NaN,NaN,NaN
2004,8,4,732163,NaN,NaN,NaN,NaN,NaN,NaN,NaN,NaN,NaN,NaN
2004,8,5,732164,NaN,NaN,NaN,NaN,NaN,NaN,NaN,NaN,NaN,NaN
2004,8,6,732165,NaN,NaN,NaN,NaN,NaN,NaN,NaN,NaN,NaN,NaN
2004,8,7,732166,NaN,NaN,NaN,NaN,NaN,NaN,NaN,NaN,NaN,NaN
2004,8,8,732167,NaN,NaN,NaN,NaN,NaN,NaN,NaN,NaN,NaN,NaN
2004,8,9,732168,NaN,NaN,NaN,NaN,NaN,NaN,NaN,NaN,NaN,NaN
2004,8,10,732169,NaN,NaN,NaN,NaN,NaN,NaN,NaN,NaN,NaN,NaN
2004,8,11,732170,NaN,NaN,NaN,NaN,NaN,NaN,NaN,NaN,NaN,NaN
2004,8,12,732171,NaN,NaN,NaN,NaN,NaN,NaN,NaN,NaN,NaN,NaN
2004,8,13,732172,NaN,NaN,NaN,NaN,NaN,NaN,NaN,NaN,NaN,NaN
2004,8,14,732173,NaN,NaN,NaN,NaN,NaN,NaN,NaN,NaN,NaN,NaN
2004,8,15,732174,NaN,NaN,NaN,NaN,NaN,NaN,NaN,NaN,NaN,NaN
2004,8,16,732175,NaN,NaN,NaN,NaN,NaN,NaN,NaN,NaN,NaN,NaN
2004,8,17,732176,NaN,NaN,NaN,NaN,NaN,NaN,NaN,NaN,NaN,NaN
2004,8,18,732177,NaN,NaN,NaN,NaN,NaN,NaN,NaN,NaN,NaN,NaN
2004,8,19,732178,NaN,NaN,NaN,NaN,NaN,NaN,NaN,NaN,NaN,NaN
2004,8,20,732179,NaN,NaN,NaN,NaN,NaN,NaN,NaN,NaN,NaN,NaN
2004,8,21,732180,NaN,NaN,NaN,NaN,NaN,NaN,NaN,NaN,NaN,NaN
2004,8,22,732181,NaN,NaN,NaN,NaN,NaN,NaN,NaN,NaN,NaN,NaN
2004,8,23,732182,NaN,NaN,NaN,NaN,NaN,NaN,NaN,NaN,NaN,NaN
2004,8,24,732183,NaN,NaN,NaN,NaN,NaN,NaN,NaN,NaN,NaN,NaN
2004,8,25,732184,NaN,NaN,NaN,NaN,NaN,NaN,NaN,NaN,NaN,NaN
2004,8,26,732185,NaN,NaN,NaN,NaN,NaN,NaN,NaN,NaN,NaN,NaN
2004,8,27,732186,NaN,NaN,NaN,NaN,NaN,NaN,NaN,NaN,NaN,NaN
2004,8,28,732187,NaN,NaN,NaN,NaN,NaN,NaN,NaN,NaN,NaN,NaN
2004,8,29,732188,NaN,NaN,NaN,NaN,NaN,NaN,NaN,NaN,NaN,NaN
2004,8,30,732189,NaN,NaN,NaN,NaN,NaN,NaN,NaN,NaN,NaN,NaN
2004,8,31,732190,NaN,NaN,NaN,NaN,NaN,NaN,NaN,NaN,NaN,NaN
2004,9,1,732191,NaN,NaN,NaN,NaN,NaN,NaN,NaN,NaN,NaN,NaN
2004,9,2,732192,NaN,NaN,NaN,NaN,NaN,NaN,NaN,NaN,NaN,NaN
2004,9,3,732193,NaN,NaN,NaN,NaN,NaN,NaN,NaN,NaN,NaN,NaN
2004,9,4,732194,NaN,NaN,NaN,NaN,NaN,NaN,NaN,NaN,NaN,NaN
2004,9,5,732195,NaN,NaN,NaN,NaN,NaN,NaN,NaN,NaN,NaN,NaN
2004,9,6,732196,NaN,NaN,NaN,NaN,NaN,NaN,NaN,NaN,NaN,NaN
2004,9,7,732197,NaN,NaN,NaN,NaN,NaN,NaN,NaN,NaN,NaN,NaN
2004,9,8,732198,NaN,NaN,NaN,NaN,NaN,NaN,NaN,NaN,NaN,NaN
2004,9,9,732199,NaN,NaN,NaN,NaN,NaN,NaN,NaN,NaN,NaN,NaN
2004,9,10,732200,NaN,NaN,NaN,NaN,NaN,NaN,NaN,NaN,NaN,NaN
2004,9,11,732201,NaN,NaN,NaN,NaN,NaN,NaN,NaN,NaN,NaN,NaN
2004,9,12,732202,NaN,NaN,NaN,NaN,NaN,NaN,NaN,NaN,NaN,NaN
2004,9,13,732203,NaN,NaN,NaN,NaN,NaN,NaN,NaN,NaN,NaN,NaN
2004,9,14,732204,NaN,NaN,NaN,NaN,NaN,NaN,NaN,NaN,NaN,NaN
2004,9,15,732205,NaN,NaN,NaN,NaN,NaN,NaN,NaN,NaN,NaN,NaN
2004,9,16,732206,NaN,NaN,NaN,NaN,NaN,NaN,NaN,NaN,NaN,NaN
2004,9,17,732207,NaN,NaN,NaN,NaN,NaN,NaN,NaN,NaN,NaN,NaN
2004,9,18,732208,NaN,NaN,NaN,NaN,NaN,NaN,NaN,NaN,NaN,NaN
2004,9,19,732209,NaN,NaN,NaN,NaN,NaN,NaN,NaN,NaN,NaN,NaN
2004,9,20,732210,NaN,NaN,NaN,NaN,NaN,NaN,NaN,NaN,NaN,NaN
2004,9,21,732211,NaN,NaN,NaN,NaN,NaN,NaN,NaN,NaN,NaN,NaN
2004,9,22,732212,NaN,NaN,NaN,NaN,NaN,NaN,NaN,NaN,NaN,NaN
2004,9,23,732213,NaN,NaN,NaN,NaN,NaN,NaN,NaN,NaN,NaN,NaN
2004,9,24,732214,NaN,NaN,NaN,NaN,NaN,NaN,NaN,NaN,NaN,NaN
2004,9,25,732215,NaN,NaN,NaN,NaN,NaN,NaN,NaN,NaN,NaN,NaN
2004,9,26,732216,NaN,NaN,NaN,NaN,NaN,NaN,NaN,NaN,NaN,NaN
2004,9,27,732217,NaN,NaN,NaN,NaN,NaN,NaN,NaN,NaN,NaN,NaN
2004,9,28,732218,NaN,NaN,NaN,NaN,NaN,NaN,NaN,NaN,NaN,NaN
2004,9,29,732219,NaN,NaN,NaN,NaN,NaN,NaN,NaN,NaN,NaN,NaN
2004,9,30,732220,NaN,NaN,NaN,NaN,NaN,NaN,NaN,NaN,NaN,NaN
2004,10,1,732221,NaN,NaN,NaN,NaN,NaN,NaN,NaN,NaN,NaN,NaN
2004,10,2,732222,NaN,NaN,NaN,NaN,NaN,NaN,NaN,NaN,NaN,NaN
2004,10,3,732223,NaN,NaN,NaN,NaN,NaN,NaN,NaN,NaN,NaN,NaN
2004,10,4,732224,NaN,NaN,NaN,NaN,NaN,NaN,NaN,NaN,NaN,NaN
2004,10,5,732225,NaN,NaN,NaN,NaN,NaN,NaN,NaN,NaN,NaN,NaN
2004,10,6,732226,NaN,NaN,NaN,NaN,NaN,NaN,NaN,NaN,NaN,NaN
2004,10,7,732227,NaN,NaN,NaN,NaN,NaN,NaN,NaN,NaN,NaN,NaN
2004,10,8,732228,NaN,NaN,NaN,NaN,NaN,NaN,NaN,NaN,NaN,NaN
2004,10,9,732229,NaN,NaN,NaN,NaN,NaN,NaN,NaN,NaN,NaN,NaN
2004,10,10,732230,NaN,NaN,NaN,NaN,NaN,NaN,NaN,NaN,NaN,NaN
2004,10,11,732231,NaN,NaN,NaN,NaN,NaN,NaN,NaN,NaN,NaN,NaN
2004,10,12,732232,NaN,NaN,NaN,NaN,NaN,NaN,NaN,NaN,NaN,NaN
2004,10,13,732233,NaN,NaN,NaN,NaN,NaN,NaN,NaN,NaN,NaN,NaN
2004,10,14,732234,NaN,NaN,NaN,NaN,NaN,NaN,NaN,NaN,NaN,NaN
2004,10,15,732235,NaN,NaN,NaN,NaN,NaN,NaN,NaN,NaN,NaN,NaN
2004,10,16,732236,NaN,NaN,NaN,NaN,NaN,NaN,NaN,NaN,NaN,NaN
2004,10,17,732237,NaN,NaN,NaN,NaN,NaN,NaN,NaN,NaN,NaN,NaN
2004,10,18,732238,NaN,NaN,NaN,NaN,NaN,NaN,NaN,NaN,NaN,NaN
2004,10,19,732239,NaN,NaN,NaN,NaN,NaN,NaN,NaN,NaN,NaN,NaN
2004,10,20,732240,NaN,NaN,NaN,NaN,NaN,NaN,NaN,NaN,NaN,NaN
2004,10,21,732241,NaN,NaN,NaN,NaN,NaN,NaN,NaN,NaN,NaN,NaN
2004,10,22,732242,NaN,NaN,NaN,NaN,NaN,NaN,NaN,NaN,NaN,NaN
2004,10,23,732243,NaN,NaN,NaN,NaN,NaN,NaN,NaN,NaN,NaN,NaN
2004,10,24,732244,NaN,NaN,NaN,NaN,NaN,NaN,NaN,NaN,NaN,NaN
2004,10,25,732245,NaN,NaN,NaN,NaN,NaN,NaN,NaN,NaN,NaN,NaN
2004,10,26,732246,NaN,NaN,NaN,NaN,NaN,NaN,NaN,NaN,NaN,NaN
2004,10,27,732247,NaN,NaN,NaN,NaN,NaN,NaN,NaN,NaN,NaN,NaN
2004,10,28,732248,NaN,NaN,NaN,NaN,NaN,NaN,NaN,NaN,NaN,NaN
2004,10,29,732249,NaN,NaN,NaN,NaN,NaN,NaN,NaN,NaN,NaN,NaN
2004,10,30,732250,NaN,NaN,NaN,NaN,NaN,NaN,NaN,NaN,NaN,NaN
2004,10,31,732251,NaN,NaN,NaN,NaN,NaN,NaN,NaN,NaN,NaN,NaN
2004,11,1,732252,NaN,NaN,NaN,NaN,NaN,NaN,NaN,NaN,NaN,NaN
2004,11,2,732253,NaN,NaN,NaN,NaN,NaN,NaN,NaN,NaN,NaN,NaN
2004,11,3,732254,NaN,NaN,NaN,NaN,NaN,NaN,NaN,NaN,NaN,NaN
2004,11,4,732255,NaN,NaN,NaN,NaN,NaN,NaN,NaN,NaN,NaN,NaN
2004,11,5,732256,NaN,NaN,NaN,NaN,NaN,NaN,NaN,NaN,NaN,NaN
2004,11,6,732257,NaN,NaN,NaN,NaN,NaN,NaN,NaN,NaN,NaN,NaN
2004,11,7,732258,NaN,NaN,NaN,NaN,NaN,NaN,NaN,NaN,NaN,NaN
2004,11,8,732259,NaN,NaN,NaN,NaN,NaN,NaN,NaN,NaN,NaN,NaN
2004,11,9,732260,NaN,NaN,NaN,NaN,NaN,NaN,NaN,NaN,NaN,NaN
2004,11,10,732261,NaN,NaN,NaN,NaN,NaN,NaN,NaN,NaN,NaN,NaN
2004,11,11,732262,NaN,NaN,NaN,NaN,NaN,NaN,NaN,NaN,NaN,NaN
2004,11,12,732263,NaN,NaN,NaN,NaN,NaN,NaN,NaN,NaN,NaN,NaN
2004,11,13,732264,NaN,NaN,NaN,NaN,NaN,NaN,NaN,NaN,NaN,NaN
2004,11,14,732265,NaN,NaN,NaN,NaN,NaN,NaN,NaN,NaN,NaN,NaN
2004,11,15,732266,NaN,NaN,NaN,NaN,NaN,NaN,NaN,NaN,NaN,NaN
2004,11,16,732267,NaN,NaN,NaN,NaN,NaN,NaN,NaN,NaN,NaN,NaN
2004,11,17,732268,NaN,NaN,NaN,NaN,NaN,NaN,NaN,NaN,NaN,NaN
2004,11,18,732269,NaN,NaN,NaN,NaN,NaN,NaN,NaN,NaN,NaN,NaN
2004,11,19,732270,NaN,NaN,NaN,NaN,NaN,NaN,NaN,NaN,NaN,NaN
2004,11,20,732271,NaN,NaN,NaN,NaN,NaN,NaN,NaN,NaN,NaN,NaN
2004,11,21,732272,NaN,NaN,NaN,NaN,NaN,NaN,NaN,NaN,NaN,NaN
2004,11,22,732273,NaN,NaN,NaN,NaN,NaN,NaN,NaN,NaN,NaN,NaN
2004,11,23,732274,NaN,NaN,NaN,NaN,NaN,NaN,NaN,NaN,NaN,NaN
2004,11,24,732275,NaN,NaN,NaN,NaN,NaN,NaN,NaN,NaN,NaN,NaN
2004,11,25,732276,NaN,NaN,NaN,NaN,NaN,NaN,NaN,NaN,NaN,NaN
2004,11,26,732277,NaN,NaN,NaN,NaN,NaN,NaN,NaN,NaN,NaN,NaN
2004,11,27,732278,NaN,NaN,NaN,NaN,NaN,NaN,NaN,NaN,NaN,NaN
2004,11,28,732279,NaN,NaN,NaN,NaN,NaN,NaN,NaN,NaN,NaN,NaN
2004,11,29,732280,NaN,NaN,NaN,NaN,NaN,NaN,NaN,NaN,NaN,NaN
2004,11,30,732281,NaN,NaN,NaN,NaN,NaN,NaN,NaN,NaN,NaN,NaN
2004,12,1,732282,NaN,NaN,NaN,NaN,NaN,NaN,NaN,NaN,NaN,NaN
2004,12,2,732283,NaN,NaN,NaN,NaN,NaN,NaN,NaN,NaN,NaN,NaN
2004,12,3,732284,NaN,NaN,NaN,NaN,NaN,NaN,NaN,NaN,NaN,NaN
2004,12,4,732285,NaN,NaN,NaN,NaN,NaN,NaN,NaN,NaN,NaN,NaN
2004,12,5,732286,NaN,NaN,NaN,NaN,NaN,NaN,NaN,NaN,NaN,NaN
2004,12,6,732287,NaN,NaN,NaN,NaN,NaN,NaN,NaN,NaN,NaN,NaN
2004,12,7,732288,NaN,NaN,NaN,NaN,NaN,NaN,NaN,NaN,NaN,NaN
2004,12,8,732289,NaN,NaN,NaN,NaN,NaN,NaN,NaN,NaN,NaN,NaN
2004,12,9,732290,NaN,NaN,NaN,NaN,NaN,NaN,NaN,NaN,NaN,NaN
2004,12,10,732291,NaN,NaN,NaN,NaN,NaN,NaN,NaN,NaN,NaN,NaN
2004,12,11,732292,NaN,NaN,NaN,NaN,NaN,NaN,NaN,NaN,NaN,NaN
2004,12,12,732293,NaN,NaN,NaN,NaN,NaN,NaN,NaN,NaN,NaN,NaN
2004,12,13,732294,NaN,NaN,NaN,NaN,NaN,NaN,NaN,NaN,NaN,NaN
2004,12,14,732295,NaN,NaN,NaN,NaN,NaN,NaN,NaN,NaN,NaN,NaN
2004,12,15,732296,NaN,NaN,NaN,NaN,NaN,NaN,NaN,NaN,NaN,NaN
2004,12,16,732297,NaN,NaN,NaN,NaN,NaN,NaN,NaN,NaN,NaN,NaN
2004,12,17,732298,NaN,NaN,NaN,NaN,NaN,NaN,NaN,NaN,NaN,NaN
2004,12,18,732299,NaN,NaN,NaN,NaN,NaN,NaN,NaN,NaN,NaN,NaN
2004,12,19,732300,NaN,NaN,NaN,NaN,NaN,NaN,NaN,NaN,NaN,NaN
2004,12,20,732301,NaN,NaN,NaN,NaN,NaN,NaN,NaN,NaN,NaN,NaN
2004,12,21,732302,NaN,NaN,NaN,NaN,NaN,NaN,NaN,NaN,NaN,NaN
2004,12,22,732303,NaN,NaN,NaN,NaN,NaN,NaN,NaN,NaN,NaN,NaN
2004,12,23,732304,NaN,NaN,NaN,NaN,NaN,NaN,NaN,NaN,NaN,NaN
2004,12,24,732305,NaN,NaN,NaN,NaN,NaN,NaN,NaN,NaN,NaN,NaN
2004,12,25,732306,NaN,NaN,NaN,NaN,NaN,NaN,NaN,NaN,NaN,NaN
2004,12,26,732307,NaN,NaN,NaN,NaN,NaN,NaN,NaN,NaN,NaN,NaN
2004,12,27,732308,NaN,NaN,NaN,NaN,NaN,NaN,NaN,NaN,NaN,NaN
2004,12,28,732309,NaN,NaN,NaN,NaN,NaN,NaN,NaN,NaN,NaN,NaN
2004,12,29,732310,NaN,NaN,NaN,NaN,NaN,NaN,NaN,NaN,NaN,NaN
2004,12,30,732311,NaN,NaN,NaN,NaN,NaN,NaN,NaN,NaN,NaN,NaN
2004,12,31,732312,NaN,NaN,NaN,NaN,NaN,NaN,NaN,NaN,NaN,NaN
2005,1,1,732313,NaN,NaN,NaN,NaN,NaN,NaN,NaN,NaN,NaN,NaN
2005,1,2,732314,NaN,NaN,NaN,NaN,NaN,NaN,NaN,NaN,NaN,NaN
2005,1,3,732315,NaN,NaN,NaN,NaN,NaN,NaN,NaN,NaN,NaN,NaN
2005,1,4,732316,NaN,NaN,NaN,NaN,NaN,NaN,NaN,NaN,NaN,NaN
2005,1,5,732317,NaN,NaN,NaN,NaN,NaN,NaN,NaN,NaN,NaN,NaN
2005,1,6,732318,NaN,NaN,NaN,NaN,NaN,NaN,NaN,NaN,NaN,NaN
2005,1,7,732319,NaN,NaN,NaN,NaN,NaN,NaN,NaN,NaN,NaN,NaN
2005,1,8,732320,NaN,NaN,NaN,NaN,NaN,NaN,NaN,NaN,NaN,NaN
2005,1,9,732321,NaN,NaN,NaN,NaN,NaN,NaN,NaN,NaN,NaN,NaN
2005,1,10,732322,NaN,NaN,NaN,NaN,NaN,NaN,NaN,NaN,NaN,NaN
2005,1,11,732323,NaN,NaN,NaN,NaN,NaN,NaN,NaN,NaN,NaN,NaN
2005,1,12,732324,NaN,NaN,NaN,NaN,NaN,NaN,NaN,NaN,NaN,NaN
2005,1,13,732325,NaN,NaN,NaN,NaN,NaN,NaN,NaN,NaN,NaN,NaN
2005,1,14,732326,NaN,NaN,NaN,NaN,NaN,NaN,NaN,NaN,NaN,NaN
2005,1,15,732327,NaN,NaN,NaN,NaN,NaN,NaN,NaN,NaN,NaN,NaN
2005,1,16,732328,NaN,NaN,NaN,NaN,NaN,NaN,NaN,NaN,NaN,NaN
2005,1,17,732329,NaN,NaN,NaN,NaN,NaN,NaN,NaN,NaN,NaN,NaN
2005,1,18,732330,NaN,NaN,NaN,NaN,NaN,NaN,NaN,NaN,NaN,NaN
2005,1,19,732331,NaN,NaN,NaN,NaN,NaN,NaN,NaN,NaN,NaN,NaN
2005,1,20,732332,NaN,NaN,NaN,NaN,NaN,NaN,NaN,NaN,NaN,NaN
2005,1,21,732333,NaN,NaN,NaN,NaN,NaN,NaN,NaN,NaN,NaN,NaN
2005,1,22,732334,NaN,NaN,NaN,NaN,NaN,NaN,NaN,NaN,NaN,NaN
2005,1,23,732335,NaN,NaN,NaN,NaN,NaN,NaN,NaN,NaN,NaN,NaN
2005,1,24,732336,NaN,NaN,NaN,NaN,NaN,NaN,NaN,NaN,NaN,NaN
2005,1,25,732337,NaN,NaN,NaN,NaN,NaN,NaN,NaN,NaN,NaN,NaN
2005,1,26,732338,NaN,NaN,NaN,NaN,NaN,NaN,NaN,NaN,NaN,NaN
2005,1,27,732339,NaN,NaN,NaN,NaN,NaN,NaN,NaN,NaN,NaN,NaN
2005,1,28,732340,NaN,NaN,NaN,NaN,NaN,NaN,NaN,NaN,NaN,NaN
2005,1,29,732341,NaN,NaN,NaN,NaN,NaN,NaN,NaN,NaN,NaN,NaN
2005,1,30,732342,NaN,NaN,NaN,NaN,NaN,NaN,NaN,NaN,NaN,NaN
2005,1,31,732343,NaN,NaN,NaN,NaN,NaN,NaN,NaN,NaN,NaN,NaN
2005,2,1,732344,NaN,NaN,NaN,NaN,NaN,NaN,NaN,NaN,NaN,NaN
2005,2,2,732345,NaN,NaN,NaN,NaN,NaN,NaN,NaN,NaN,NaN,NaN
2005,2,3,732346,NaN,NaN,NaN,NaN,NaN,NaN,NaN,NaN,NaN,NaN
2005,2,4,732347,NaN,NaN,NaN,NaN,NaN,NaN,NaN,NaN,NaN,NaN
2005,2,5,732348,NaN,NaN,NaN,NaN,NaN,NaN,NaN,NaN,NaN,NaN
2005,2,6,732349,NaN,NaN,NaN,NaN,NaN,NaN,NaN,NaN,NaN,NaN
2005,2,7,732350,NaN,NaN,NaN,NaN,NaN,NaN,NaN,NaN,NaN,NaN
2005,2,8,732351,NaN,NaN,NaN,NaN,NaN,NaN,NaN,NaN,NaN,NaN
2005,2,9,732352,NaN,NaN,NaN,NaN,NaN,NaN,NaN,NaN,NaN,NaN
2005,2,10,732353,NaN,NaN,NaN,NaN,NaN,NaN,NaN,NaN,NaN,NaN
2005,2,11,732354,NaN,NaN,NaN,NaN,NaN,NaN,NaN,NaN,NaN,NaN
2005,2,12,732355,NaN,NaN,NaN,NaN,NaN,NaN,NaN,NaN,NaN,NaN
2005,2,13,732356,NaN,NaN,NaN,NaN,NaN,NaN,NaN,NaN,NaN,NaN
2005,2,14,732357,NaN,NaN,NaN,NaN,NaN,NaN,NaN,NaN,NaN,NaN
2005,2,15,732358,NaN,NaN,NaN,NaN,NaN,NaN,NaN,NaN,NaN,NaN
2005,2,16,732359,NaN,NaN,NaN,NaN,NaN,NaN,NaN,NaN,NaN,NaN
2005,2,17,732360,NaN,NaN,NaN,NaN,NaN,NaN,NaN,NaN,NaN,NaN
2005,2,18,732361,NaN,NaN,NaN,NaN,NaN,NaN,NaN,NaN,NaN,NaN
2005,2,19,732362,NaN,NaN,NaN,NaN,NaN,NaN,NaN,NaN,NaN,NaN
2005,2,20,732363,NaN,NaN,NaN,NaN,NaN,NaN,NaN,NaN,NaN,NaN
2005,2,21,732364,NaN,NaN,NaN,NaN,NaN,NaN,NaN,NaN,NaN,NaN
2005,2,22,732365,NaN,NaN,NaN,NaN,NaN,NaN,NaN,NaN,NaN,NaN
2005,2,23,732366,NaN,NaN,NaN,NaN,NaN,NaN,NaN,NaN,NaN,NaN
2005,2,24,732367,NaN,NaN,NaN,NaN,NaN,NaN,NaN,NaN,NaN,NaN
2005,2,25,732368,NaN,NaN,NaN,NaN,NaN,NaN,NaN,NaN,NaN,NaN
2005,2,26,732369,NaN,NaN,NaN,NaN,NaN,NaN,NaN,NaN,NaN,NaN
2005,2,27,732370,NaN,NaN,NaN,NaN,NaN,NaN,NaN,NaN,NaN,NaN
2005,2,28,732371,NaN,NaN,NaN,NaN,NaN,NaN,NaN,NaN,NaN,NaN
2005,3,1,732372,NaN,NaN,NaN,NaN,NaN,NaN,NaN,NaN,NaN,NaN
2005,3,2,732373,NaN,NaN,NaN,NaN,NaN,NaN,NaN,NaN,NaN,NaN
2005,3,3,732374,NaN,NaN,NaN,NaN,NaN,NaN,NaN,NaN,NaN,NaN
2005,3,4,732375,NaN,NaN,NaN,NaN,NaN,NaN,NaN,NaN,NaN,NaN
2005,3,5,732376,NaN,NaN,NaN,NaN,NaN,NaN,NaN,NaN,NaN,NaN
2005,3,6,732377,NaN,NaN,NaN,NaN,NaN,NaN,NaN,NaN,NaN,NaN
2005,3,7,732378,NaN,NaN,NaN,NaN,NaN,NaN,NaN,NaN,NaN,NaN
2005,3,8,732379,NaN,NaN,NaN,NaN,NaN,NaN,NaN,NaN,NaN,NaN
2005,3,9,732380,NaN,NaN,NaN,NaN,NaN,NaN,NaN,NaN,NaN,NaN
2005,3,10,732381,NaN,NaN,NaN,NaN,NaN,NaN,NaN,NaN,NaN,NaN
2005,3,11,732382,NaN,NaN,NaN,NaN,NaN,NaN,NaN,NaN,NaN,NaN
2005,3,12,732383,NaN,NaN,NaN,NaN,NaN,NaN,NaN,NaN,NaN,NaN
2005,3,13,732384,NaN,NaN,NaN,NaN,NaN,NaN,NaN,NaN,NaN,NaN
2005,3,14,732385,NaN,NaN,NaN,NaN,NaN,NaN,NaN,NaN,NaN,NaN
2005,3,15,732386,NaN,NaN,NaN,NaN,NaN,NaN,NaN,NaN,NaN,NaN
2005,3,16,732387,NaN,NaN,NaN,NaN,NaN,NaN,NaN,NaN,NaN,NaN
2005,3,17,732388,NaN,NaN,NaN,NaN,NaN,NaN,NaN,NaN,NaN,NaN
2005,3,18,732389,NaN,NaN,NaN,NaN,NaN,NaN,NaN,NaN,NaN,NaN
2005,3,19,732390,NaN,NaN,NaN,NaN,NaN,NaN,NaN,NaN,NaN,NaN
2005,3,20,732391,NaN,NaN,NaN,NaN,NaN,NaN,NaN,NaN,NaN,NaN
2005,3,21,732392,NaN,NaN,NaN,NaN,NaN,NaN,NaN,NaN,NaN,NaN
2005,3,22,732393,NaN,NaN,NaN,NaN,NaN,NaN,NaN,NaN,NaN,NaN
2005,3,23,732394,NaN,NaN,NaN,NaN,NaN,NaN,NaN,NaN,NaN,NaN
2005,3,24,732395,NaN,NaN,NaN,NaN,NaN,NaN,NaN,NaN,NaN,NaN
2005,3,25,732396,NaN,NaN,NaN,NaN,NaN,NaN,NaN,NaN,NaN,NaN
2005,3,26,732397,NaN,NaN,NaN,NaN,NaN,NaN,NaN,NaN,NaN,NaN
2005,3,27,732398,NaN,NaN,NaN,NaN,NaN,NaN,NaN,NaN,NaN,NaN
2005,3,28,732399,NaN,NaN,NaN,NaN,NaN,NaN,NaN,NaN,NaN,NaN
2005,3,29,732400,NaN,NaN,NaN,NaN,NaN,NaN,NaN,NaN,NaN,NaN
2005,3,30,732401,NaN,NaN,NaN,NaN,NaN,NaN,NaN,NaN,NaN,NaN
2005,3,31,732402,NaN,NaN,NaN,NaN,NaN,NaN,NaN,NaN,NaN,NaN
2005,4,1,732403,NaN,NaN,NaN,NaN,NaN,NaN,NaN,NaN,NaN,NaN
2005,4,2,732404,NaN,NaN,NaN,NaN,NaN,NaN,NaN,NaN,NaN,NaN
2005,4,3,732405,NaN,NaN,NaN,NaN,NaN,NaN,NaN,NaN,NaN,NaN
2005,4,4,732406,NaN,NaN,NaN,NaN,NaN,NaN,NaN,NaN,NaN,NaN
2005,4,5,732407,NaN,NaN,NaN,NaN,NaN,NaN,NaN,NaN,NaN,NaN
2005,4,6,732408,NaN,NaN,NaN,NaN,NaN,NaN,NaN,NaN,NaN,NaN
2005,4,7,732409,NaN,NaN,NaN,NaN,NaN,NaN,NaN,NaN,NaN,NaN
2005,4,8,732410,NaN,NaN,NaN,NaN,NaN,NaN,NaN,NaN,NaN,NaN
2005,4,9,732411,NaN,NaN,NaN,NaN,NaN,NaN,NaN,NaN,NaN,NaN
2005,4,10,732412,NaN,NaN,NaN,NaN,NaN,NaN,NaN,NaN,NaN,NaN
2005,4,11,732413,NaN,NaN,NaN,NaN,NaN,NaN,NaN,NaN,NaN,NaN
2005,4,12,732414,NaN,NaN,NaN,NaN,NaN,NaN,NaN,NaN,NaN,NaN
2005,4,13,732415,NaN,NaN,NaN,NaN,NaN,NaN,NaN,NaN,NaN,NaN
2005,4,14,732416,NaN,NaN,NaN,NaN,NaN,NaN,NaN,NaN,NaN,NaN
2005,4,15,732417,NaN,NaN,NaN,NaN,NaN,NaN,NaN,NaN,NaN,NaN
2005,4,16,732418,NaN,NaN,NaN,NaN,NaN,NaN,NaN,NaN,NaN,NaN
2005,4,17,732419,NaN,NaN,NaN,NaN,NaN,NaN,NaN,NaN,NaN,NaN
2005,4,18,732420,NaN,NaN,NaN,NaN,NaN,NaN,NaN,NaN,NaN,NaN
2005,4,19,732421,NaN,NaN,NaN,NaN,NaN,NaN,NaN,NaN,NaN,NaN
2005,4,20,732422,NaN,NaN,NaN,NaN,NaN,NaN,NaN,NaN,NaN,NaN
2005,4,21,732423,NaN,NaN,NaN,NaN,NaN,NaN,NaN,NaN,NaN,NaN
2005,4,22,732424,NaN,NaN,NaN,NaN,NaN,NaN,NaN,NaN,NaN,NaN
2005,4,23,732425,NaN,NaN,NaN,NaN,NaN,NaN,NaN,NaN,NaN,NaN
2005,4,24,732426,NaN,NaN,NaN,NaN,NaN,NaN,NaN,NaN,NaN,NaN
2005,4,25,732427,NaN,NaN,NaN,NaN,NaN,NaN,NaN,NaN,NaN,NaN
2005,4,26,732428,NaN,NaN,NaN,NaN,NaN,NaN,NaN,NaN,NaN,NaN
2005,4,27,732429,NaN,NaN,NaN,NaN,NaN,NaN,NaN,NaN,NaN,NaN
2005,4,28,732430,NaN,NaN,NaN,NaN,NaN,NaN,NaN,NaN,NaN,NaN
2005,4,29,732431,NaN,NaN,NaN,NaN,NaN,NaN,NaN,NaN,NaN,NaN
2005,4,30,732432,NaN,NaN,NaN,NaN,NaN,NaN,NaN,NaN,NaN,NaN
2005,5,1,732433,NaN,NaN,NaN,NaN,NaN,NaN,NaN,NaN,NaN,NaN
2005,5,2,732434,NaN,NaN,NaN,NaN,NaN,NaN,NaN,NaN,NaN,NaN
2005,5,3,732435,NaN,NaN,NaN,NaN,NaN,NaN,NaN,NaN,NaN,NaN
2005,5,4,732436,NaN,NaN,NaN,NaN,NaN,NaN,NaN,NaN,NaN,NaN
2005,5,5,732437,NaN,NaN,NaN,NaN,NaN,NaN,NaN,NaN,NaN,NaN
2005,5,6,732438,NaN,NaN,NaN,NaN,NaN,NaN,NaN,NaN,NaN,NaN
2005,5,7,732439,NaN,NaN,NaN,NaN,NaN,NaN,NaN,NaN,NaN,NaN
2005,5,8,732440,NaN,NaN,NaN,NaN,NaN,NaN,NaN,NaN,NaN,NaN
2005,5,9,732441,NaN,NaN,NaN,NaN,NaN,NaN,NaN,NaN,NaN,NaN
2005,5,10,732442,NaN,NaN,NaN,NaN,NaN,NaN,NaN,NaN,NaN,NaN
2005,5,11,732443,NaN,NaN,NaN,NaN,NaN,NaN,NaN,NaN,NaN,NaN
2005,5,12,732444,NaN,NaN,NaN,NaN,NaN,NaN,NaN,NaN,NaN,NaN
2005,5,13,732445,NaN,NaN,NaN,NaN,NaN,NaN,NaN,NaN,NaN,NaN
2005,5,14,732446,NaN,NaN,NaN,NaN,NaN,NaN,NaN,NaN,NaN,NaN
2005,5,15,732447,NaN,NaN,NaN,NaN,NaN,NaN,NaN,NaN,NaN,NaN
2005,5,16,732448,NaN,NaN,NaN,NaN,NaN,NaN,NaN,NaN,NaN,NaN
2005,5,17,732449,NaN,NaN,NaN,NaN,NaN,NaN,NaN,NaN,NaN,NaN
2005,5,18,732450,NaN,NaN,NaN,NaN,NaN,NaN,NaN,NaN,NaN,NaN
2005,5,19,732451,NaN,NaN,NaN,NaN,NaN,NaN,NaN,NaN,NaN,NaN
2005,5,20,732452,NaN,NaN,NaN,NaN,NaN,NaN,NaN,NaN,NaN,NaN
2005,5,21,732453,NaN,NaN,NaN,NaN,NaN,NaN,NaN,NaN,NaN,NaN
2005,5,22,732454,NaN,NaN,NaN,NaN,NaN,NaN,NaN,NaN,NaN,NaN
2005,5,23,732455,NaN,NaN,NaN,NaN,NaN,NaN,NaN,NaN,NaN,NaN
2005,5,24,732456,NaN,NaN,NaN,NaN,NaN,NaN,NaN,NaN,NaN,NaN
2005,5,25,732457,NaN,NaN,NaN,NaN,NaN,NaN,NaN,NaN,NaN,NaN
2005,5,26,732458,NaN,NaN,NaN,NaN,NaN,NaN,NaN,NaN,NaN,NaN
2005,5,27,732459,NaN,NaN,NaN,NaN,NaN,NaN,NaN,NaN,NaN,NaN
2005,5,28,732460,NaN,NaN,NaN,NaN,NaN,NaN,NaN,NaN,NaN,NaN
2005,5,29,732461,NaN,NaN,NaN,NaN,NaN,NaN,NaN,NaN,NaN,NaN
2005,5,30,732462,NaN,NaN,NaN,NaN,NaN,NaN,NaN,NaN,NaN,NaN
2005,5,31,732463,NaN,NaN,NaN,NaN,NaN,NaN,NaN,NaN,NaN,NaN
2005,6,1,732464,NaN,NaN,NaN,NaN,NaN,NaN,NaN,NaN,NaN,NaN
2005,6,2,732465,NaN,NaN,NaN,NaN,NaN,NaN,NaN,NaN,NaN,NaN
2005,6,3,732466,NaN,NaN,NaN,NaN,NaN,NaN,NaN,NaN,NaN,NaN
2005,6,4,732467,NaN,NaN,NaN,NaN,NaN,NaN,NaN,NaN,NaN,NaN
2005,6,5,732468,NaN,NaN,NaN,NaN,NaN,NaN,NaN,NaN,NaN,NaN
2005,6,6,732469,NaN,NaN,NaN,NaN,NaN,NaN,NaN,NaN,NaN,NaN
2005,6,7,732470,NaN,NaN,NaN,NaN,NaN,NaN,NaN,NaN,NaN,NaN
2005,6,8,732471,NaN,NaN,NaN,NaN,NaN,NaN,NaN,NaN,NaN,NaN
2005,6,9,732472,NaN,NaN,NaN,NaN,NaN,NaN,NaN,NaN,NaN,NaN
2005,6,10,732473,NaN,NaN,NaN,NaN,NaN,NaN,NaN,NaN,NaN,NaN
2005,6,11,732474,NaN,NaN,NaN,NaN,NaN,NaN,NaN,NaN,NaN,NaN
2005,6,12,732475,NaN,NaN,NaN,NaN,NaN,NaN,NaN,NaN,NaN,NaN
2005,6,13,732476,NaN,NaN,NaN,NaN,NaN,NaN,NaN,NaN,NaN,NaN
2005,6,14,732477,NaN,NaN,NaN,NaN,NaN,NaN,NaN,NaN,NaN,NaN
2005,6,15,732478,NaN,NaN,NaN,NaN,NaN,NaN,NaN,NaN,NaN,NaN
2005,6,16,732479,NaN,NaN,NaN,NaN,NaN,NaN,NaN,NaN,NaN,NaN
2005,6,17,732480,NaN,NaN,NaN,NaN,NaN,NaN,NaN,NaN,NaN,NaN
2005,6,18,732481,NaN,NaN,NaN,NaN,NaN,NaN,NaN,NaN,NaN,NaN
2005,6,19,732482,NaN,NaN,NaN,NaN,NaN,NaN,NaN,NaN,NaN,NaN
2005,6,20,732483,NaN,NaN,NaN,NaN,NaN,NaN,NaN,NaN,NaN,NaN
2005,6,21,732484,NaN,NaN,NaN,NaN,NaN,NaN,NaN,NaN,NaN,NaN
2005,6,22,732485,NaN,NaN,NaN,NaN,NaN,NaN,NaN,NaN,NaN,NaN
2005,6,23,732486,NaN,NaN,NaN,NaN,NaN,NaN,NaN,NaN,NaN,NaN
2005,6,24,732487,NaN,NaN,NaN,NaN,NaN,NaN,NaN,NaN,NaN,NaN
2005,6,25,732488,NaN,NaN,NaN,NaN,NaN,NaN,NaN,NaN,NaN,NaN
2005,6,26,732489,NaN,NaN,NaN,NaN,NaN,NaN,NaN,NaN,NaN,NaN
2005,6,27,732490,NaN,NaN,NaN,NaN,NaN,NaN,NaN,NaN,NaN,NaN
2005,6,28,732491,NaN,NaN,NaN,NaN,NaN,NaN,NaN,NaN,NaN,NaN
2005,6,29,732492,NaN,NaN,NaN,NaN,NaN,NaN,NaN,NaN,NaN,NaN
2005,6,30,732493,NaN,NaN,NaN,NaN,NaN,NaN,NaN,NaN,NaN,NaN
2005,7,1,732494,NaN,NaN,NaN,NaN,NaN,NaN,NaN,NaN,NaN,NaN
2005,7,2,732495,NaN,NaN,NaN,NaN,NaN,NaN,NaN,NaN,NaN,NaN
2005,7,3,732496,NaN,NaN,NaN,NaN,NaN,NaN,NaN,NaN,NaN,NaN
2005,7,4,732497,NaN,NaN,NaN,NaN,NaN,NaN,NaN,NaN,NaN,NaN
2005,7,5,732498,NaN,NaN,NaN,NaN,NaN,NaN,NaN,NaN,NaN,NaN
2005,7,6,732499,NaN,NaN,NaN,NaN,NaN,NaN,NaN,NaN,NaN,NaN
2005,7,7,732500,NaN,NaN,NaN,NaN,NaN,NaN,NaN,NaN,NaN,NaN
2005,7,8,732501,NaN,NaN,NaN,NaN,NaN,NaN,NaN,NaN,NaN,NaN
2005,7,9,732502,NaN,NaN,NaN,NaN,NaN,NaN,NaN,NaN,NaN,NaN
2005,7,10,732503,NaN,NaN,NaN,NaN,NaN,NaN,NaN,NaN,NaN,NaN
2005,7,11,732504,NaN,NaN,NaN,NaN,NaN,NaN,NaN,NaN,NaN,NaN
2005,7,12,732505,NaN,NaN,NaN,NaN,NaN,NaN,NaN,NaN,NaN,NaN
2005,7,13,732506,NaN,NaN,NaN,NaN,NaN,NaN,NaN,NaN,NaN,NaN
2005,7,14,732507,NaN,NaN,NaN,NaN,NaN,NaN,NaN,NaN,NaN,NaN
2005,7,15,732508,NaN,NaN,NaN,NaN,NaN,NaN,NaN,NaN,NaN,NaN
2005,7,16,732509,NaN,NaN,NaN,NaN,NaN,NaN,NaN,NaN,NaN,NaN
2005,7,17,732510,NaN,NaN,NaN,NaN,NaN,NaN,NaN,NaN,NaN,NaN
2005,7,18,732511,NaN,NaN,NaN,NaN,NaN,NaN,NaN,NaN,NaN,NaN
2005,7,19,732512,NaN,NaN,NaN,NaN,NaN,NaN,NaN,NaN,NaN,NaN
2005,7,20,732513,NaN,NaN,NaN,NaN,NaN,NaN,NaN,NaN,NaN,NaN
2005,7,21,732514,NaN,NaN,NaN,NaN,NaN,NaN,NaN,NaN,NaN,NaN
2005,7,22,732515,NaN,NaN,NaN,NaN,NaN,NaN,NaN,NaN,NaN,NaN
2005,7,23,732516,NaN,NaN,NaN,NaN,NaN,NaN,NaN,NaN,NaN,NaN
2005,7,24,732517,NaN,NaN,NaN,NaN,NaN,NaN,NaN,NaN,NaN,NaN
2005,7,25,732518,NaN,NaN,NaN,NaN,NaN,NaN,NaN,NaN,NaN,NaN
2005,7,26,732519,NaN,NaN,NaN,NaN,NaN,NaN,NaN,NaN,NaN,NaN
2005,7,27,732520,NaN,NaN,NaN,NaN,NaN,NaN,NaN,NaN,NaN,NaN
2005,7,28,732521,NaN,NaN,NaN,NaN,NaN,NaN,NaN,NaN,NaN,NaN
2005,7,29,732522,NaN,NaN,NaN,NaN,NaN,NaN,NaN,NaN,NaN,NaN
2005,7,30,732523,NaN,NaN,NaN,NaN,NaN,NaN,NaN,NaN,NaN,NaN
2005,7,31,732524,NaN,NaN,NaN,NaN,NaN,NaN,NaN,NaN,NaN,NaN
2005,8,1,732525,NaN,NaN,NaN,NaN,NaN,NaN,NaN,NaN,NaN,NaN
2005,8,2,732526,NaN,NaN,NaN,NaN,NaN,NaN,NaN,NaN,NaN,NaN
2005,8,3,732527,NaN,NaN,NaN,NaN,NaN,NaN,NaN,NaN,NaN,NaN
2005,8,4,732528,NaN,NaN,NaN,NaN,NaN,NaN,NaN,NaN,NaN,NaN
2005,8,5,732529,NaN,NaN,NaN,NaN,NaN,NaN,NaN,NaN,NaN,NaN
2005,8,6,732530,NaN,NaN,NaN,NaN,NaN,NaN,NaN,NaN,NaN,NaN
2005,8,7,732531,NaN,NaN,NaN,NaN,NaN,NaN,NaN,NaN,NaN,NaN
2005,8,8,732532,NaN,NaN,NaN,NaN,NaN,NaN,NaN,NaN,NaN,NaN
2005,8,9,732533,NaN,NaN,NaN,NaN,NaN,NaN,NaN,NaN,NaN,NaN
2005,8,10,732534,NaN,NaN,NaN,NaN,NaN,NaN,NaN,NaN,NaN,NaN
2005,8,11,732535,NaN,NaN,NaN,NaN,NaN,NaN,NaN,NaN,NaN,NaN
2005,8,12,732536,NaN,NaN,NaN,NaN,NaN,NaN,NaN,NaN,NaN,NaN
2005,8,13,732537,NaN,NaN,NaN,NaN,NaN,NaN,NaN,NaN,NaN,NaN
2005,8,14,732538,NaN,NaN,NaN,NaN,NaN,NaN,NaN,NaN,NaN,NaN
2005,8,15,732539,NaN,NaN,NaN,NaN,NaN,NaN,NaN,NaN,NaN,NaN
2005,8,16,732540,NaN,NaN,NaN,NaN,NaN,NaN,NaN,NaN,NaN,NaN
2005,8,17,732541,NaN,NaN,NaN,NaN,NaN,NaN,NaN,NaN,NaN,NaN
2005,8,18,732542,NaN,NaN,NaN,NaN,NaN,NaN,NaN,NaN,NaN,NaN
2005,8,19,732543,NaN,NaN,NaN,NaN,NaN,NaN,NaN,NaN,NaN,NaN
2005,8,20,732544,NaN,NaN,NaN,NaN,NaN,NaN,NaN,NaN,NaN,NaN
2005,8,21,732545,NaN,NaN,NaN,NaN,NaN,NaN,NaN,NaN,NaN,NaN
2005,8,22,732546,NaN,NaN,NaN,NaN,NaN,NaN,NaN,NaN,NaN,NaN
2005,8,23,732547,NaN,NaN,NaN,NaN,NaN,NaN,NaN,NaN,NaN,NaN
2005,8,24,732548,NaN,NaN,NaN,NaN,NaN,NaN,NaN,NaN,NaN,NaN
2005,8,25,732549,NaN,NaN,NaN,NaN,NaN,NaN,NaN,NaN,NaN,NaN
2005,8,26,732550,NaN,NaN,NaN,NaN,NaN,NaN,NaN,NaN,NaN,NaN
2005,8,27,732551,NaN,NaN,NaN,NaN,NaN,NaN,NaN,NaN,NaN,NaN
2005,8,28,732552,NaN,NaN,NaN,NaN,NaN,NaN,NaN,NaN,NaN,NaN
2005,8,29,732553,NaN,NaN,NaN,NaN,NaN,NaN,NaN,NaN,NaN,NaN
2005,8,30,732554,NaN,NaN,NaN,NaN,NaN,NaN,NaN,NaN,NaN,NaN
2005,8,31,732555,NaN,NaN,NaN,NaN,NaN,NaN,NaN,NaN,NaN,NaN
2005,9,1,732556,NaN,NaN,NaN,NaN,NaN,NaN,NaN,NaN,NaN,NaN
2005,9,2,732557,NaN,NaN,NaN,NaN,NaN,NaN,NaN,NaN,NaN,NaN
2005,9,3,732558,NaN,NaN,NaN,NaN,NaN,NaN,NaN,NaN,NaN,NaN
2005,9,4,732559,NaN,NaN,NaN,NaN,NaN,NaN,NaN,NaN,NaN,NaN
2005,9,5,732560,NaN,NaN,NaN,NaN,NaN,NaN,NaN,NaN,NaN,NaN
2005,9,6,732561,NaN,NaN,NaN,NaN,NaN,NaN,NaN,NaN,NaN,NaN
2005,9,7,732562,NaN,NaN,NaN,NaN,NaN,NaN,NaN,NaN,NaN,NaN
2005,9,8,732563,NaN,NaN,NaN,NaN,NaN,NaN,NaN,NaN,NaN,NaN
2005,9,9,732564,NaN,NaN,NaN,NaN,NaN,NaN,NaN,NaN,NaN,NaN
2005,9,10,732565,NaN,NaN,NaN,NaN,NaN,NaN,NaN,NaN,NaN,NaN
2005,9,11,732566,NaN,NaN,NaN,NaN,NaN,NaN,NaN,NaN,NaN,NaN
2005,9,12,732567,NaN,NaN,NaN,NaN,NaN,NaN,NaN,NaN,NaN,NaN
2005,9,13,732568,NaN,NaN,NaN,NaN,NaN,NaN,NaN,NaN,NaN,NaN
2005,9,14,732569,NaN,NaN,NaN,NaN,NaN,NaN,NaN,NaN,NaN,NaN
2005,9,15,732570,NaN,NaN,NaN,NaN,NaN,NaN,NaN,NaN,NaN,NaN
2005,9,16,732571,NaN,NaN,NaN,NaN,NaN,NaN,NaN,NaN,NaN,NaN
2005,9,17,732572,NaN,NaN,NaN,NaN,NaN,NaN,NaN,NaN,NaN,NaN
2005,9,18,732573,NaN,NaN,NaN,NaN,NaN,NaN,NaN,NaN,NaN,NaN
2005,9,19,732574,NaN,NaN,NaN,NaN,NaN,NaN,NaN,NaN,NaN,NaN
2005,9,20,732575,NaN,NaN,NaN,NaN,NaN,NaN,NaN,NaN,NaN,NaN
2005,9,21,732576,NaN,NaN,NaN,NaN,NaN,NaN,NaN,NaN,NaN,NaN
2005,9,22,732577,NaN,NaN,NaN,NaN,NaN,NaN,NaN,NaN,NaN,NaN
2005,9,23,732578,NaN,NaN,NaN,NaN,NaN,NaN,NaN,NaN,NaN,NaN
2005,9,24,732579,NaN,NaN,NaN,NaN,NaN,NaN,NaN,NaN,NaN,NaN
2005,9,25,732580,NaN,NaN,NaN,NaN,NaN,NaN,NaN,NaN,NaN,NaN
2005,9,26,732581,NaN,NaN,NaN,NaN,NaN,NaN,NaN,NaN,NaN,NaN
2005,9,27,732582,NaN,NaN,NaN,NaN,NaN,NaN,NaN,NaN,NaN,NaN
2005,9,28,732583,NaN,NaN,NaN,NaN,NaN,NaN,NaN,NaN,NaN,NaN
2005,9,29,732584,NaN,NaN,NaN,NaN,NaN,NaN,NaN,NaN,NaN,NaN
2005,9,30,732585,NaN,NaN,NaN,NaN,NaN,NaN,NaN,NaN,NaN,NaN
2005,10,1,732586,NaN,NaN,NaN,NaN,NaN,NaN,NaN,NaN,NaN,NaN
2005,10,2,732587,NaN,NaN,NaN,NaN,NaN,NaN,NaN,NaN,NaN,NaN
2005,10,3,732588,NaN,NaN,NaN,NaN,NaN,NaN,NaN,NaN,NaN,NaN
2005,10,4,732589,NaN,NaN,NaN,NaN,NaN,NaN,NaN,NaN,NaN,NaN
2005,10,5,732590,NaN,NaN,NaN,NaN,NaN,NaN,NaN,NaN,NaN,NaN
2005,10,6,732591,NaN,NaN,NaN,NaN,NaN,NaN,NaN,NaN,NaN,NaN
2005,10,7,732592,NaN,NaN,NaN,NaN,NaN,NaN,NaN,NaN,NaN,NaN
2005,10,8,732593,NaN,NaN,NaN,NaN,NaN,NaN,NaN,NaN,NaN,NaN
2005,10,9,732594,NaN,NaN,NaN,NaN,NaN,NaN,NaN,NaN,NaN,NaN
2005,10,10,732595,NaN,NaN,NaN,NaN,NaN,NaN,NaN,NaN,NaN,NaN
2005,10,11,732596,NaN,NaN,NaN,NaN,NaN,NaN,NaN,NaN,NaN,NaN
2005,10,12,732597,NaN,NaN,NaN,NaN,NaN,NaN,NaN,NaN,NaN,NaN
2005,10,13,732598,NaN,NaN,NaN,NaN,NaN,NaN,NaN,NaN,NaN,NaN
2005,10,14,732599,NaN,NaN,NaN,NaN,NaN,NaN,NaN,NaN,NaN,NaN
2005,10,15,732600,NaN,NaN,NaN,NaN,NaN,NaN,NaN,NaN,NaN,NaN
2005,10,16,732601,NaN,NaN,NaN,NaN,NaN,NaN,NaN,NaN,NaN,NaN
2005,10,17,732602,NaN,NaN,NaN,NaN,NaN,NaN,NaN,NaN,NaN,NaN
2005,10,18,732603,NaN,NaN,NaN,NaN,NaN,NaN,NaN,NaN,NaN,NaN
2005,10,19,732604,NaN,NaN,NaN,NaN,NaN,NaN,NaN,NaN,NaN,NaN
2005,10,20,732605,NaN,NaN,NaN,NaN,NaN,NaN,NaN,NaN,NaN,NaN
2005,10,21,732606,NaN,NaN,NaN,NaN,NaN,NaN,NaN,NaN,NaN,NaN
2005,10,22,732607,NaN,NaN,NaN,NaN,NaN,NaN,NaN,NaN,NaN,NaN
2005,10,23,732608,NaN,NaN,NaN,NaN,NaN,NaN,NaN,NaN,NaN,NaN
2005,10,24,732609,NaN,NaN,NaN,NaN,NaN,NaN,NaN,NaN,NaN,NaN
2005,10,25,732610,NaN,NaN,NaN,NaN,NaN,NaN,NaN,NaN,NaN,NaN
2005,10,26,732611,NaN,NaN,NaN,NaN,NaN,NaN,NaN,NaN,NaN,NaN
2005,10,27,732612,NaN,NaN,NaN,NaN,NaN,NaN,NaN,NaN,NaN,NaN
2005,10,28,732613,NaN,NaN,NaN,NaN,NaN,NaN,NaN,NaN,NaN,NaN
2005,10,29,732614,NaN,NaN,NaN,NaN,NaN,NaN,NaN,NaN,NaN,NaN
2005,10,30,732615,NaN,NaN,NaN,NaN,NaN,NaN,NaN,NaN,NaN,NaN
2005,10,31,732616,NaN,NaN,NaN,NaN,NaN,NaN,NaN,NaN,NaN,NaN
2005,11,1,732617,NaN,NaN,NaN,NaN,NaN,NaN,NaN,NaN,NaN,NaN
2005,11,2,732618,NaN,NaN,NaN,NaN,NaN,NaN,NaN,NaN,NaN,NaN
2005,11,3,732619,NaN,NaN,NaN,NaN,NaN,NaN,NaN,NaN,NaN,NaN
2005,11,4,732620,NaN,NaN,NaN,NaN,NaN,NaN,NaN,NaN,NaN,NaN
2005,11,5,732621,NaN,NaN,NaN,NaN,NaN,NaN,NaN,NaN,NaN,NaN
2005,11,6,732622,NaN,NaN,NaN,NaN,NaN,NaN,NaN,NaN,NaN,NaN
2005,11,7,732623,NaN,NaN,NaN,NaN,NaN,NaN,NaN,NaN,NaN,NaN
2005,11,8,732624,NaN,NaN,NaN,NaN,NaN,NaN,NaN,NaN,NaN,NaN
2005,11,9,732625,NaN,NaN,NaN,NaN,NaN,NaN,NaN,NaN,NaN,NaN
2005,11,10,732626,NaN,NaN,NaN,NaN,NaN,NaN,NaN,NaN,NaN,NaN
2005,11,11,732627,NaN,NaN,NaN,NaN,NaN,NaN,NaN,NaN,NaN,NaN
2005,11,12,732628,NaN,NaN,NaN,NaN,NaN,NaN,NaN,NaN,NaN,NaN
2005,11,13,732629,NaN,NaN,NaN,NaN,NaN,NaN,NaN,NaN,NaN,NaN
2005,11,14,732630,NaN,NaN,NaN,NaN,NaN,NaN,NaN,NaN,NaN,NaN
2005,11,15,732631,NaN,NaN,NaN,NaN,NaN,NaN,NaN,NaN,NaN,NaN
2005,11,16,732632,NaN,NaN,NaN,NaN,NaN,NaN,NaN,NaN,NaN,NaN
2005,11,17,732633,NaN,NaN,NaN,NaN,NaN,NaN,NaN,NaN,NaN,NaN
2005,11,18,732634,NaN,NaN,NaN,NaN,NaN,NaN,NaN,NaN,NaN,NaN
2005,11,19,732635,NaN,NaN,NaN,NaN,NaN,NaN,NaN,NaN,NaN,NaN
2005,11,20,732636,NaN,NaN,NaN,NaN,NaN,NaN,NaN,NaN,NaN,NaN
2005,11,21,732637,NaN,NaN,NaN,NaN,NaN,NaN,NaN,NaN,NaN,NaN
2005,11,22,732638,NaN,NaN,NaN,NaN,NaN,NaN,NaN,NaN,NaN,NaN
2005,11,23,732639,NaN,NaN,NaN,NaN,NaN,NaN,NaN,NaN,NaN,NaN
2005,11,24,732640,NaN,NaN,NaN,NaN,NaN,NaN,NaN,NaN,NaN,NaN
2005,11,25,732641,NaN,NaN,NaN,NaN,NaN,NaN,NaN,NaN,NaN,NaN
2005,11,26,732642,NaN,NaN,NaN,NaN,NaN,NaN,NaN,NaN,NaN,NaN
2005,11,27,732643,NaN,NaN,NaN,NaN,NaN,NaN,NaN,NaN,NaN,NaN
2005,11,28,732644,NaN,NaN,NaN,NaN,NaN,NaN,NaN,NaN,NaN,NaN
2005,11,29,732645,NaN,NaN,NaN,NaN,NaN,NaN,NaN,NaN,NaN,NaN
2005,11,30,732646,NaN,NaN,NaN,NaN,NaN,NaN,NaN,NaN,NaN,NaN
2005,12,1,732647,NaN,NaN,NaN,NaN,NaN,NaN,NaN,NaN,NaN,NaN
2005,12,2,732648,NaN,NaN,NaN,NaN,NaN,NaN,NaN,NaN,NaN,NaN
2005,12,3,732649,NaN,NaN,NaN,NaN,NaN,NaN,NaN,NaN,NaN,NaN
2005,12,4,732650,NaN,NaN,NaN,NaN,NaN,NaN,NaN,NaN,NaN,NaN
2005,12,5,732651,NaN,NaN,NaN,NaN,NaN,NaN,NaN,NaN,NaN,NaN
2005,12,6,732652,NaN,NaN,NaN,NaN,NaN,NaN,NaN,NaN,NaN,NaN
2005,12,7,732653,NaN,NaN,NaN,NaN,NaN,NaN,NaN,NaN,NaN,NaN
2005,12,8,732654,NaN,NaN,NaN,NaN,NaN,NaN,NaN,NaN,NaN,NaN
2005,12,9,732655,NaN,NaN,NaN,NaN,NaN,NaN,NaN,NaN,NaN,NaN
2005,12,10,732656,NaN,NaN,NaN,NaN,NaN,NaN,NaN,NaN,NaN,NaN
2005,12,11,732657,NaN,NaN,NaN,NaN,NaN,NaN,NaN,NaN,NaN,NaN
2005,12,12,732658,NaN,NaN,NaN,NaN,NaN,NaN,NaN,NaN,NaN,NaN
2005,12,13,732659,NaN,NaN,NaN,NaN,NaN,NaN,NaN,NaN,NaN,NaN
2005,12,14,732660,NaN,NaN,NaN,NaN,NaN,NaN,NaN,NaN,NaN,NaN
2005,12,15,732661,NaN,NaN,NaN,NaN,NaN,NaN,NaN,NaN,NaN,NaN
2005,12,16,732662,NaN,NaN,NaN,NaN,NaN,NaN,NaN,NaN,NaN,NaN
2005,12,17,732663,NaN,NaN,NaN,NaN,NaN,NaN,NaN,NaN,NaN,NaN
2005,12,18,732664,NaN,NaN,NaN,NaN,NaN,NaN,NaN,NaN,NaN,NaN
2005,12,19,732665,NaN,NaN,NaN,NaN,NaN,NaN,NaN,NaN,NaN,NaN
2005,12,20,732666,NaN,NaN,NaN,NaN,NaN,NaN,NaN,NaN,NaN,NaN
2005,12,21,732667,NaN,NaN,NaN,NaN,NaN,NaN,NaN,NaN,NaN,NaN
2005,12,22,732668,NaN,NaN,NaN,NaN,NaN,NaN,NaN,NaN,NaN,NaN
2005,12,23,732669,NaN,NaN,NaN,NaN,NaN,NaN,NaN,NaN,NaN,NaN
2005,12,24,732670,NaN,NaN,NaN,NaN,NaN,NaN,NaN,NaN,NaN,NaN
2005,12,25,732671,NaN,NaN,NaN,NaN,NaN,NaN,NaN,NaN,NaN,NaN
2005,12,26,732672,NaN,NaN,NaN,NaN,NaN,NaN,NaN,NaN,NaN,NaN
2005,12,27,732673,NaN,NaN,NaN,NaN,NaN,NaN,NaN,NaN,NaN,NaN
2005,12,28,732674,NaN,NaN,NaN,NaN,NaN,NaN,NaN,NaN,NaN,NaN
2005,12,29,732675,NaN,NaN,NaN,NaN,NaN,NaN,NaN,NaN,NaN,NaN
2005,12,30,732676,NaN,NaN,NaN,NaN,NaN,NaN,NaN,NaN,NaN,NaN
2005,12,31,732677,NaN,NaN,NaN,NaN,NaN,NaN,NaN,NaN,NaN,NaN
2006,1,1,732678,NaN,NaN,NaN,NaN,NaN,NaN,NaN,NaN,NaN,NaN
2006,1,2,732679,NaN,NaN,NaN,NaN,NaN,NaN,NaN,NaN,NaN,NaN
2006,1,3,732680,NaN,NaN,NaN,NaN,NaN,NaN,NaN,NaN,NaN,NaN
2006,1,4,732681,NaN,NaN,NaN,NaN,NaN,NaN,NaN,NaN,NaN,NaN
2006,1,5,732682,NaN,NaN,NaN,NaN,NaN,NaN,NaN,NaN,NaN,NaN
2006,1,6,732683,NaN,NaN,NaN,NaN,NaN,NaN,NaN,NaN,NaN,NaN
2006,1,7,732684,NaN,NaN,NaN,NaN,NaN,NaN,NaN,NaN,NaN,NaN
2006,1,8,732685,NaN,NaN,NaN,NaN,NaN,NaN,NaN,NaN,NaN,NaN
2006,1,9,732686,NaN,NaN,NaN,NaN,NaN,NaN,NaN,NaN,NaN,NaN
2006,1,10,732687,NaN,NaN,NaN,NaN,NaN,NaN,NaN,NaN,NaN,NaN
2006,1,11,732688,NaN,NaN,NaN,NaN,NaN,NaN,NaN,NaN,NaN,NaN
2006,1,12,732689,NaN,NaN,NaN,NaN,NaN,NaN,NaN,NaN,NaN,NaN
2006,1,13,732690,NaN,NaN,NaN,NaN,NaN,NaN,NaN,NaN,NaN,NaN
2006,1,14,732691,NaN,NaN,NaN,NaN,NaN,NaN,NaN,NaN,NaN,NaN
2006,1,15,732692,NaN,NaN,NaN,NaN,NaN,NaN,NaN,NaN,NaN,NaN
2006,1,16,732693,NaN,NaN,NaN,NaN,NaN,NaN,NaN,NaN,NaN,NaN
2006,1,17,732694,NaN,NaN,NaN,NaN,NaN,NaN,NaN,NaN,NaN,NaN
2006,1,18,732695,NaN,NaN,NaN,NaN,NaN,NaN,NaN,NaN,NaN,NaN
2006,1,19,732696,NaN,NaN,NaN,NaN,NaN,NaN,NaN,NaN,NaN,NaN
2006,1,20,732697,NaN,NaN,NaN,NaN,NaN,NaN,NaN,NaN,NaN,NaN
2006,1,21,732698,NaN,NaN,NaN,NaN,NaN,NaN,NaN,NaN,NaN,NaN
2006,1,22,732699,NaN,NaN,NaN,NaN,NaN,NaN,NaN,NaN,NaN,NaN
2006,1,23,732700,NaN,NaN,NaN,NaN,NaN,NaN,NaN,NaN,NaN,NaN
2006,1,24,732701,NaN,NaN,NaN,NaN,NaN,NaN,NaN,NaN,NaN,NaN
2006,1,25,732702,NaN,NaN,NaN,NaN,NaN,NaN,NaN,NaN,NaN,NaN
2006,1,26,732703,NaN,NaN,NaN,NaN,NaN,NaN,NaN,NaN,NaN,NaN
2006,1,27,732704,NaN,NaN,NaN,NaN,NaN,NaN,NaN,NaN,NaN,NaN
2006,1,28,732705,NaN,NaN,NaN,NaN,NaN,NaN,NaN,NaN,NaN,NaN
2006,1,29,732706,NaN,NaN,NaN,NaN,NaN,NaN,NaN,NaN,NaN,NaN
2006,1,30,732707,NaN,NaN,NaN,NaN,NaN,NaN,NaN,NaN,NaN,NaN
2006,1,31,732708,NaN,NaN,NaN,NaN,NaN,NaN,NaN,NaN,NaN,NaN
2006,2,1,732709,NaN,NaN,NaN,NaN,NaN,NaN,NaN,NaN,NaN,NaN
2006,2,2,732710,NaN,NaN,NaN,NaN,NaN,NaN,NaN,NaN,NaN,NaN
2006,2,3,732711,NaN,NaN,NaN,NaN,NaN,NaN,NaN,NaN,NaN,NaN
2006,2,4,732712,NaN,NaN,NaN,NaN,NaN,NaN,NaN,NaN,NaN,NaN
2006,2,5,732713,NaN,NaN,NaN,NaN,NaN,NaN,NaN,NaN,NaN,NaN
2006,2,6,732714,NaN,NaN,NaN,NaN,NaN,NaN,NaN,NaN,NaN,NaN
2006,2,7,732715,NaN,NaN,NaN,NaN,NaN,NaN,NaN,NaN,NaN,NaN
2006,2,8,732716,NaN,NaN,NaN,NaN,NaN,NaN,NaN,NaN,NaN,NaN
2006,2,9,732717,NaN,NaN,NaN,NaN,NaN,NaN,NaN,NaN,NaN,NaN
2006,2,10,732718,NaN,NaN,NaN,NaN,NaN,NaN,NaN,NaN,NaN,NaN
2006,2,11,732719,NaN,NaN,NaN,NaN,NaN,NaN,NaN,NaN,NaN,NaN
2006,2,12,732720,NaN,NaN,NaN,NaN,NaN,NaN,NaN,NaN,NaN,NaN
2006,2,13,732721,NaN,NaN,NaN,NaN,NaN,NaN,NaN,NaN,NaN,NaN
2006,2,14,732722,NaN,NaN,NaN,NaN,NaN,NaN,NaN,NaN,NaN,NaN
2006,2,15,732723,NaN,NaN,NaN,NaN,NaN,NaN,NaN,NaN,NaN,NaN
2006,2,16,732724,NaN,NaN,NaN,NaN,NaN,NaN,NaN,NaN,NaN,NaN
2006,2,17,732725,NaN,NaN,NaN,NaN,NaN,NaN,NaN,NaN,NaN,NaN
2006,2,18,732726,NaN,NaN,NaN,NaN,NaN,NaN,NaN,NaN,NaN,NaN
2006,2,19,732727,NaN,NaN,NaN,NaN,NaN,NaN,NaN,NaN,NaN,NaN
2006,2,20,732728,NaN,NaN,NaN,NaN,NaN,NaN,NaN,NaN,NaN,NaN
2006,2,21,732729,NaN,NaN,NaN,NaN,NaN,NaN,NaN,NaN,NaN,NaN
2006,2,22,732730,NaN,NaN,NaN,NaN,NaN,NaN,NaN,NaN,NaN,NaN
2006,2,23,732731,NaN,NaN,NaN,NaN,NaN,NaN,NaN,NaN,NaN,NaN
2006,2,24,732732,NaN,NaN,NaN,NaN,NaN,NaN,NaN,NaN,NaN,NaN
2006,2,25,732733,NaN,NaN,NaN,NaN,NaN,NaN,NaN,NaN,NaN,NaN
2006,2,26,732734,NaN,NaN,NaN,NaN,NaN,NaN,NaN,NaN,NaN,NaN
2006,2,27,732735,NaN,NaN,NaN,NaN,NaN,NaN,NaN,NaN,NaN,NaN
2006,2,28,732736,NaN,NaN,NaN,NaN,NaN,NaN,NaN,NaN,NaN,NaN
2006,3,1,732737,NaN,NaN,NaN,NaN,NaN,NaN,NaN,NaN,NaN,NaN
2006,3,2,732738,NaN,NaN,NaN,NaN,NaN,NaN,NaN,NaN,NaN,NaN
2006,3,3,732739,NaN,NaN,NaN,NaN,NaN,NaN,NaN,NaN,NaN,NaN
2006,3,4,732740,NaN,NaN,NaN,NaN,NaN,NaN,NaN,NaN,NaN,NaN
2006,3,5,732741,NaN,NaN,NaN,NaN,NaN,NaN,NaN,NaN,NaN,NaN
2006,3,6,732742,NaN,NaN,NaN,NaN,NaN,NaN,NaN,NaN,NaN,NaN
2006,3,7,732743,NaN,NaN,NaN,NaN,NaN,NaN,NaN,NaN,NaN,NaN
2006,3,8,732744,NaN,NaN,NaN,NaN,NaN,NaN,NaN,NaN,NaN,NaN
2006,3,9,732745,NaN,NaN,NaN,NaN,NaN,NaN,NaN,NaN,NaN,NaN
2006,3,10,732746,NaN,NaN,NaN,NaN,NaN,NaN,NaN,NaN,NaN,NaN
2006,3,11,732747,NaN,NaN,NaN,NaN,NaN,NaN,NaN,NaN,NaN,NaN
2006,3,12,732748,NaN,NaN,NaN,NaN,NaN,NaN,NaN,NaN,NaN,NaN
2006,3,13,732749,NaN,NaN,NaN,NaN,NaN,NaN,NaN,NaN,NaN,NaN
2006,3,14,732750,NaN,NaN,NaN,NaN,NaN,NaN,NaN,NaN,NaN,NaN
2006,3,15,732751,NaN,NaN,NaN,NaN,NaN,NaN,NaN,NaN,NaN,NaN
2006,3,16,732752,NaN,NaN,NaN,NaN,NaN,NaN,NaN,NaN,NaN,NaN
2006,3,17,732753,NaN,NaN,NaN,NaN,NaN,NaN,NaN,NaN,NaN,NaN
2006,3,18,732754,NaN,NaN,NaN,NaN,NaN,NaN,NaN,NaN,NaN,NaN
2006,3,19,732755,NaN,NaN,NaN,NaN,NaN,NaN,NaN,NaN,NaN,NaN
2006,3,20,732756,NaN,NaN,NaN,NaN,NaN,NaN,NaN,NaN,NaN,NaN
2006,3,21,732757,NaN,NaN,NaN,NaN,NaN,NaN,NaN,NaN,NaN,NaN
2006,3,22,732758,NaN,NaN,NaN,NaN,NaN,NaN,NaN,NaN,NaN,NaN
2006,3,23,732759,NaN,NaN,NaN,NaN,NaN,NaN,NaN,NaN,NaN,NaN
2006,3,24,732760,NaN,NaN,NaN,NaN,NaN,NaN,NaN,NaN,NaN,NaN
2006,3,25,732761,NaN,NaN,NaN,NaN,NaN,NaN,NaN,NaN,NaN,NaN
2006,3,26,732762,NaN,NaN,NaN,NaN,NaN,NaN,NaN,NaN,NaN,NaN
2006,3,27,732763,NaN,NaN,NaN,NaN,NaN,NaN,NaN,NaN,NaN,NaN
2006,3,28,732764,NaN,NaN,NaN,NaN,NaN,NaN,NaN,NaN,NaN,NaN
2006,3,29,732765,NaN,NaN,NaN,NaN,NaN,NaN,NaN,NaN,NaN,NaN
2006,3,30,732766,NaN,NaN,NaN,NaN,NaN,NaN,NaN,NaN,NaN,NaN
2006,3,31,732767,NaN,NaN,NaN,NaN,NaN,NaN,NaN,NaN,NaN,NaN
2006,4,1,732768,NaN,NaN,NaN,NaN,NaN,NaN,NaN,NaN,NaN,NaN
2006,4,2,732769,NaN,NaN,NaN,NaN,NaN,NaN,NaN,NaN,NaN,NaN
2006,4,3,732770,NaN,NaN,NaN,NaN,NaN,NaN,NaN,NaN,NaN,NaN
2006,4,4,732771,NaN,NaN,NaN,NaN,NaN,NaN,NaN,NaN,NaN,NaN
2006,4,5,732772,NaN,NaN,NaN,NaN,NaN,NaN,NaN,NaN,NaN,NaN
2006,4,6,732773,NaN,NaN,NaN,NaN,NaN,NaN,NaN,NaN,NaN,NaN
2006,4,7,732774,NaN,NaN,NaN,NaN,NaN,NaN,NaN,NaN,NaN,NaN
2006,4,8,732775,NaN,NaN,NaN,NaN,NaN,NaN,NaN,NaN,NaN,NaN
2006,4,9,732776,NaN,NaN,NaN,NaN,NaN,NaN,NaN,NaN,NaN,NaN
2006,4,10,732777,NaN,NaN,NaN,NaN,NaN,NaN,NaN,NaN,NaN,NaN
2006,4,11,732778,NaN,NaN,NaN,NaN,NaN,NaN,NaN,NaN,NaN,NaN
2006,4,12,732779,NaN,NaN,NaN,NaN,NaN,NaN,NaN,NaN,NaN,NaN
2006,4,13,732780,NaN,NaN,NaN,NaN,NaN,NaN,NaN,NaN,NaN,NaN
2006,4,14,732781,NaN,NaN,NaN,NaN,NaN,NaN,NaN,NaN,NaN,NaN
2006,4,15,732782,NaN,NaN,NaN,NaN,NaN,NaN,NaN,NaN,NaN,NaN
2006,4,16,732783,NaN,NaN,NaN,NaN,NaN,NaN,NaN,NaN,NaN,NaN
2006,4,17,732784,NaN,NaN,NaN,NaN,NaN,NaN,NaN,NaN,NaN,NaN
2006,4,18,732785,NaN,NaN,NaN,NaN,NaN,NaN,NaN,NaN,NaN,NaN
2006,4,19,732786,NaN,NaN,NaN,NaN,NaN,NaN,NaN,NaN,NaN,NaN
2006,4,20,732787,NaN,NaN,NaN,NaN,NaN,NaN,NaN,NaN,NaN,NaN
2006,4,21,732788,NaN,NaN,NaN,NaN,NaN,NaN,NaN,NaN,NaN,NaN
2006,4,22,732789,NaN,NaN,NaN,NaN,NaN,NaN,NaN,NaN,NaN,NaN
2006,4,23,732790,NaN,NaN,NaN,NaN,NaN,NaN,NaN,NaN,NaN,NaN
2006,4,24,732791,NaN,NaN,NaN,NaN,NaN,NaN,NaN,NaN,NaN,NaN
2006,4,25,732792,NaN,NaN,NaN,NaN,NaN,NaN,NaN,NaN,NaN,NaN
2006,4,26,732793,NaN,NaN,NaN,NaN,NaN,NaN,NaN,NaN,NaN,NaN
2006,4,27,732794,NaN,NaN,NaN,NaN,NaN,NaN,NaN,NaN,NaN,NaN
2006,4,28,732795,NaN,NaN,NaN,NaN,NaN,NaN,NaN,NaN,NaN,NaN
2006,4,29,732796,NaN,NaN,NaN,NaN,NaN,NaN,NaN,NaN,NaN,NaN
2006,4,30,732797,NaN,NaN,NaN,NaN,NaN,NaN,NaN,NaN,NaN,NaN
2006,5,1,732798,NaN,NaN,NaN,NaN,NaN,NaN,NaN,NaN,NaN,NaN
2006,5,2,732799,NaN,NaN,NaN,NaN,NaN,NaN,NaN,NaN,NaN,NaN
2006,5,3,732800,NaN,NaN,NaN,NaN,NaN,NaN,NaN,NaN,NaN,NaN
2006,5,4,732801,NaN,NaN,NaN,NaN,NaN,NaN,NaN,NaN,NaN,NaN
2006,5,5,732802,NaN,NaN,NaN,NaN,NaN,NaN,NaN,NaN,NaN,NaN
2006,5,6,732803,NaN,NaN,NaN,NaN,NaN,NaN,NaN,NaN,NaN,NaN
2006,5,7,732804,NaN,NaN,NaN,NaN,NaN,NaN,NaN,NaN,NaN,NaN
2006,5,8,732805,NaN,NaN,NaN,NaN,NaN,NaN,NaN,NaN,NaN,NaN
2006,5,9,732806,NaN,NaN,NaN,NaN,NaN,NaN,NaN,NaN,NaN,NaN
2006,5,10,732807,NaN,NaN,NaN,NaN,NaN,NaN,NaN,NaN,NaN,NaN
2006,5,11,732808,NaN,NaN,NaN,NaN,NaN,NaN,NaN,NaN,NaN,NaN
2006,5,12,732809,NaN,NaN,NaN,NaN,NaN,NaN,NaN,NaN,NaN,NaN
2006,5,13,732810,NaN,NaN,NaN,NaN,NaN,NaN,NaN,NaN,NaN,NaN
2006,5,14,732811,NaN,NaN,NaN,NaN,NaN,NaN,NaN,NaN,NaN,NaN
2006,5,15,732812,NaN,NaN,NaN,NaN,NaN,NaN,NaN,NaN,NaN,NaN
2006,5,16,732813,NaN,NaN,NaN,NaN,NaN,NaN,NaN,NaN,NaN,NaN
2006,5,17,732814,NaN,NaN,NaN,NaN,NaN,NaN,NaN,NaN,NaN,NaN
2006,5,18,732815,NaN,NaN,NaN,NaN,NaN,NaN,NaN,NaN,NaN,NaN
2006,5,19,732816,NaN,NaN,NaN,NaN,NaN,NaN,NaN,NaN,NaN,NaN
2006,5,20,732817,NaN,NaN,NaN,NaN,NaN,NaN,NaN,NaN,NaN,NaN
2006,5,21,732818,NaN,NaN,NaN,NaN,NaN,NaN,NaN,NaN,NaN,NaN
2006,5,22,732819,NaN,NaN,NaN,NaN,NaN,NaN,NaN,NaN,NaN,NaN
2006,5,23,732820,NaN,NaN,NaN,NaN,NaN,NaN,NaN,NaN,NaN,NaN
2006,5,24,732821,NaN,NaN,NaN,NaN,NaN,NaN,NaN,NaN,NaN,NaN
2006,5,25,732822,NaN,NaN,NaN,NaN,NaN,NaN,NaN,NaN,NaN,NaN
2006,5,26,732823,NaN,NaN,NaN,NaN,NaN,NaN,NaN,NaN,NaN,NaN
2006,5,27,732824,NaN,NaN,NaN,NaN,NaN,NaN,NaN,NaN,NaN,NaN
2006,5,28,732825,NaN,NaN,NaN,NaN,NaN,NaN,NaN,NaN,NaN,NaN
2006,5,29,732826,NaN,NaN,NaN,NaN,NaN,NaN,NaN,NaN,NaN,NaN
2006,5,30,732827,NaN,NaN,NaN,NaN,NaN,NaN,NaN,NaN,NaN,NaN
2006,5,31,732828,NaN,NaN,NaN,NaN,NaN,NaN,NaN,NaN,NaN,NaN
2006,6,1,732829,NaN,NaN,NaN,NaN,NaN,NaN,NaN,NaN,NaN,NaN
2006,6,2,732830,NaN,NaN,NaN,NaN,NaN,NaN,NaN,NaN,NaN,NaN
2006,6,3,732831,NaN,NaN,NaN,NaN,NaN,NaN,NaN,NaN,NaN,NaN
2006,6,4,732832,NaN,NaN,NaN,NaN,NaN,NaN,NaN,NaN,NaN,NaN
2006,6,5,732833,NaN,NaN,NaN,NaN,NaN,NaN,NaN,NaN,NaN,NaN
2006,6,6,732834,NaN,NaN,NaN,NaN,NaN,NaN,NaN,NaN,NaN,NaN
2006,6,7,732835,NaN,NaN,NaN,NaN,NaN,NaN,NaN,NaN,NaN,NaN
2006,6,8,732836,NaN,NaN,NaN,NaN,NaN,NaN,NaN,NaN,NaN,NaN
2006,6,9,732837,NaN,NaN,NaN,NaN,NaN,NaN,NaN,NaN,NaN,NaN
2006,6,10,732838,NaN,NaN,NaN,NaN,NaN,NaN,NaN,NaN,NaN,NaN
2006,6,11,732839,NaN,NaN,NaN,NaN,NaN,NaN,NaN,NaN,NaN,NaN
2006,6,12,732840,NaN,NaN,NaN,NaN,NaN,NaN,NaN,NaN,NaN,NaN
2006,6,13,732841,NaN,NaN,NaN,NaN,NaN,NaN,NaN,NaN,NaN,NaN
2006,6,14,732842,NaN,NaN,NaN,NaN,NaN,NaN,NaN,NaN,NaN,NaN
2006,6,15,732843,NaN,NaN,NaN,NaN,NaN,NaN,NaN,NaN,NaN,NaN
2006,6,16,732844,NaN,NaN,NaN,NaN,NaN,NaN,NaN,NaN,NaN,NaN
2006,6,17,732845,NaN,NaN,NaN,NaN,NaN,NaN,NaN,NaN,NaN,NaN
2006,6,18,732846,NaN,NaN,NaN,NaN,NaN,NaN,NaN,NaN,NaN,NaN
2006,6,19,732847,NaN,NaN,NaN,NaN,NaN,NaN,NaN,NaN,NaN,NaN
2006,6,20,732848,NaN,NaN,NaN,NaN,NaN,NaN,NaN,NaN,NaN,NaN
2006,6,21,732849,NaN,NaN,NaN,NaN,NaN,NaN,NaN,NaN,NaN,NaN
2006,6,22,732850,NaN,NaN,NaN,NaN,NaN,NaN,NaN,NaN,NaN,NaN
2006,6,23,732851,NaN,NaN,NaN,NaN,NaN,NaN,NaN,NaN,NaN,NaN
2006,6,24,732852,NaN,NaN,NaN,NaN,NaN,NaN,NaN,NaN,NaN,NaN
2006,6,25,732853,NaN,NaN,NaN,NaN,NaN,NaN,NaN,NaN,NaN,NaN
2006,6,26,732854,NaN,NaN,NaN,NaN,NaN,NaN,NaN,NaN,NaN,NaN
2006,6,27,732855,NaN,NaN,NaN,NaN,NaN,NaN,NaN,NaN,NaN,NaN
2006,6,28,732856,NaN,NaN,NaN,NaN,NaN,NaN,NaN,NaN,NaN,NaN
2006,6,29,732857,NaN,NaN,NaN,NaN,NaN,NaN,NaN,NaN,NaN,NaN
2006,6,30,732858,NaN,NaN,NaN,NaN,NaN,NaN,NaN,NaN,NaN,NaN
2006,7,1,732859,NaN,NaN,NaN,NaN,NaN,NaN,NaN,NaN,NaN,NaN
2006,7,2,732860,NaN,NaN,NaN,NaN,NaN,NaN,NaN,NaN,NaN,NaN
2006,7,3,732861,NaN,NaN,NaN,NaN,NaN,NaN,NaN,NaN,NaN,NaN
2006,7,4,732862,NaN,NaN,NaN,NaN,NaN,NaN,NaN,NaN,NaN,NaN
2006,7,5,732863,NaN,NaN,NaN,NaN,NaN,NaN,NaN,NaN,NaN,NaN
2006,7,6,732864,NaN,NaN,NaN,NaN,NaN,NaN,NaN,NaN,NaN,NaN
2006,7,7,732865,NaN,NaN,NaN,NaN,NaN,NaN,NaN,NaN,NaN,NaN
2006,7,8,732866,NaN,NaN,NaN,NaN,NaN,NaN,NaN,NaN,NaN,NaN
2006,7,9,732867,NaN,NaN,NaN,NaN,NaN,NaN,NaN,NaN,NaN,NaN
2006,7,10,732868,NaN,NaN,NaN,NaN,NaN,NaN,NaN,NaN,NaN,NaN
2006,7,11,732869,NaN,NaN,NaN,NaN,NaN,NaN,NaN,NaN,NaN,NaN
2006,7,12,732870,NaN,NaN,NaN,NaN,NaN,NaN,NaN,NaN,NaN,NaN
2006,7,13,732871,NaN,NaN,NaN,NaN,NaN,NaN,NaN,NaN,NaN,NaN
2006,7,14,732872,NaN,NaN,NaN,NaN,NaN,NaN,NaN,NaN,NaN,NaN
2006,7,15,732873,NaN,NaN,NaN,NaN,NaN,NaN,NaN,NaN,NaN,NaN
2006,7,16,732874,NaN,NaN,NaN,NaN,NaN,NaN,NaN,NaN,NaN,NaN
2006,7,17,732875,NaN,NaN,NaN,NaN,NaN,NaN,NaN,NaN,NaN,NaN
2006,7,18,732876,NaN,NaN,NaN,NaN,NaN,NaN,NaN,NaN,NaN,NaN
2006,7,19,732877,NaN,NaN,NaN,NaN,NaN,NaN,NaN,NaN,NaN,NaN
2006,7,20,732878,NaN,NaN,NaN,NaN,NaN,NaN,NaN,NaN,NaN,NaN
2006,7,21,732879,NaN,NaN,NaN,NaN,NaN,NaN,NaN,NaN,NaN,NaN
2006,7,22,732880,NaN,NaN,NaN,NaN,NaN,NaN,NaN,NaN,NaN,NaN
2006,7,23,732881,NaN,NaN,NaN,NaN,NaN,NaN,NaN,NaN,NaN,NaN
2006,7,24,732882,NaN,NaN,NaN,NaN,NaN,NaN,NaN,NaN,NaN,NaN
2006,7,25,732883,NaN,NaN,NaN,NaN,NaN,NaN,NaN,NaN,NaN,NaN
2006,7,26,732884,NaN,NaN,NaN,NaN,NaN,NaN,NaN,NaN,NaN,NaN
2006,7,27,732885,NaN,NaN,NaN,NaN,NaN,NaN,NaN,NaN,NaN,NaN
2006,7,28,732886,NaN,NaN,NaN,NaN,NaN,NaN,NaN,NaN,NaN,NaN
2006,7,29,732887,NaN,NaN,NaN,NaN,NaN,NaN,NaN,NaN,NaN,NaN
2006,7,30,732888,NaN,NaN,NaN,NaN,NaN,NaN,NaN,NaN,NaN,NaN
2006,7,31,732889,NaN,NaN,NaN,NaN,NaN,NaN,NaN,NaN,NaN,NaN
2006,8,1,732890,NaN,NaN,NaN,NaN,NaN,NaN,NaN,NaN,NaN,NaN
2006,8,2,732891,NaN,NaN,NaN,NaN,NaN,NaN,NaN,NaN,NaN,NaN
2006,8,3,732892,NaN,NaN,NaN,NaN,NaN,NaN,NaN,NaN,NaN,NaN
2006,8,4,732893,NaN,NaN,NaN,NaN,NaN,NaN,NaN,NaN,NaN,NaN
2006,8,5,732894,NaN,NaN,NaN,NaN,NaN,NaN,NaN,NaN,NaN,NaN
2006,8,6,732895,NaN,NaN,NaN,NaN,NaN,NaN,NaN,NaN,NaN,NaN
2006,8,7,732896,NaN,NaN,NaN,NaN,NaN,NaN,NaN,NaN,NaN,NaN
2006,8,8,732897,NaN,NaN,NaN,NaN,NaN,NaN,NaN,NaN,NaN,NaN
2006,8,9,732898,NaN,NaN,NaN,NaN,NaN,NaN,NaN,NaN,NaN,NaN
2006,8,10,732899,NaN,NaN,NaN,NaN,NaN,NaN,NaN,NaN,NaN,NaN
2006,8,11,732900,NaN,NaN,NaN,NaN,NaN,NaN,NaN,NaN,NaN,NaN
2006,8,12,732901,NaN,NaN,NaN,NaN,NaN,NaN,NaN,NaN,NaN,NaN
2006,8,13,732902,NaN,NaN,NaN,NaN,NaN,NaN,NaN,NaN,NaN,NaN
2006,8,14,732903,NaN,NaN,NaN,NaN,NaN,NaN,NaN,NaN,NaN,NaN
2006,8,15,732904,NaN,NaN,NaN,NaN,NaN,NaN,NaN,NaN,NaN,NaN
2006,8,16,732905,NaN,NaN,NaN,NaN,NaN,NaN,NaN,NaN,NaN,NaN
2006,8,17,732906,NaN,NaN,NaN,NaN,NaN,NaN,NaN,NaN,NaN,NaN
2006,8,18,732907,NaN,NaN,NaN,NaN,NaN,NaN,NaN,NaN,NaN,NaN
2006,8,19,732908,NaN,NaN,NaN,NaN,NaN,NaN,NaN,NaN,NaN,NaN
2006,8,20,732909,NaN,NaN,NaN,NaN,NaN,NaN,NaN,NaN,NaN,NaN
2006,8,21,732910,NaN,NaN,NaN,NaN,NaN,NaN,NaN,NaN,NaN,NaN
2006,8,22,732911,NaN,NaN,NaN,NaN,NaN,NaN,NaN,NaN,NaN,NaN
2006,8,23,732912,NaN,NaN,NaN,NaN,NaN,NaN,NaN,NaN,NaN,NaN
2006,8,24,732913,NaN,NaN,NaN,NaN,NaN,NaN,NaN,NaN,NaN,NaN
2006,8,25,732914,NaN,NaN,NaN,NaN,NaN,NaN,NaN,NaN,NaN,NaN
2006,8,26,732915,NaN,NaN,NaN,NaN,NaN,NaN,NaN,NaN,NaN,NaN
2006,8,27,732916,NaN,NaN,NaN,NaN,NaN,NaN,NaN,NaN,NaN,NaN
2006,8,28,732917,NaN,NaN,NaN,NaN,NaN,NaN,NaN,NaN,NaN,NaN
2006,8,29,732918,NaN,NaN,NaN,NaN,NaN,NaN,NaN,NaN,NaN,NaN
2006,8,30,732919,NaN,NaN,NaN,NaN,NaN,NaN,NaN,NaN,NaN,NaN
2006,8,31,732920,NaN,NaN,NaN,NaN,NaN,NaN,NaN,NaN,NaN,NaN
2006,9,1,732921,NaN,NaN,NaN,NaN,NaN,NaN,NaN,NaN,NaN,NaN
2006,9,2,732922,NaN,NaN,NaN,NaN,NaN,NaN,NaN,NaN,NaN,NaN
2006,9,3,732923,NaN,NaN,NaN,NaN,NaN,NaN,NaN,NaN,NaN,NaN
2006,9,4,732924,NaN,NaN,NaN,NaN,NaN,NaN,NaN,NaN,NaN,NaN
2006,9,5,732925,NaN,NaN,NaN,NaN,NaN,NaN,NaN,NaN,NaN,NaN
2006,9,6,732926,NaN,NaN,NaN,NaN,NaN,NaN,NaN,NaN,NaN,NaN
2006,9,7,732927,NaN,NaN,NaN,NaN,NaN,NaN,NaN,NaN,NaN,NaN
2006,9,8,732928,NaN,NaN,NaN,NaN,NaN,NaN,NaN,NaN,NaN,NaN
2006,9,9,732929,NaN,NaN,NaN,NaN,NaN,NaN,NaN,NaN,NaN,NaN
2006,9,10,732930,NaN,NaN,NaN,NaN,NaN,NaN,NaN,NaN,NaN,NaN
2006,9,11,732931,NaN,NaN,NaN,NaN,NaN,NaN,NaN,NaN,NaN,NaN
2006,9,12,732932,NaN,NaN,NaN,NaN,NaN,NaN,NaN,NaN,NaN,NaN
2006,9,13,732933,NaN,NaN,NaN,NaN,NaN,NaN,NaN,NaN,NaN,NaN
2006,9,14,732934,NaN,NaN,NaN,NaN,NaN,NaN,NaN,NaN,NaN,NaN
2006,9,15,732935,NaN,NaN,NaN,NaN,NaN,NaN,NaN,NaN,NaN,NaN
2006,9,16,732936,NaN,NaN,NaN,NaN,NaN,NaN,NaN,NaN,NaN,NaN
2006,9,17,732937,NaN,NaN,NaN,NaN,NaN,NaN,NaN,NaN,NaN,NaN
2006,9,18,732938,NaN,NaN,NaN,NaN,NaN,NaN,NaN,NaN,NaN,NaN
2006,9,19,732939,NaN,NaN,NaN,NaN,NaN,NaN,NaN,NaN,NaN,NaN
2006,9,20,732940,NaN,NaN,NaN,NaN,NaN,NaN,NaN,NaN,NaN,NaN
2006,9,21,732941,NaN,NaN,NaN,NaN,NaN,NaN,NaN,NaN,NaN,NaN
2006,9,22,732942,NaN,NaN,NaN,NaN,NaN,NaN,NaN,NaN,NaN,NaN
2006,9,23,732943,NaN,NaN,NaN,NaN,NaN,NaN,NaN,NaN,NaN,NaN
2006,9,24,732944,NaN,NaN,NaN,NaN,NaN,NaN,NaN,NaN,NaN,NaN
2006,9,25,732945,NaN,NaN,NaN,NaN,NaN,NaN,NaN,NaN,NaN,NaN
2006,9,26,732946,NaN,NaN,NaN,NaN,NaN,NaN,NaN,NaN,NaN,NaN
2006,9,27,732947,NaN,NaN,NaN,NaN,NaN,NaN,NaN,NaN,NaN,NaN
2006,9,28,732948,NaN,NaN,NaN,NaN,NaN,NaN,NaN,NaN,NaN,NaN
2006,9,29,732949,NaN,NaN,NaN,NaN,NaN,NaN,NaN,NaN,NaN,NaN
2006,9,30,732950,NaN,NaN,NaN,NaN,NaN,NaN,NaN,NaN,NaN,NaN
2006,10,1,732951,NaN,NaN,NaN,NaN,NaN,NaN,NaN,NaN,NaN,NaN
2006,10,2,732952,NaN,NaN,NaN,NaN,NaN,NaN,NaN,NaN,NaN,NaN
2006,10,3,732953,NaN,NaN,NaN,NaN,NaN,NaN,NaN,NaN,NaN,NaN
2006,10,4,732954,NaN,NaN,NaN,NaN,NaN,NaN,NaN,NaN,NaN,NaN
2006,10,5,732955,NaN,NaN,NaN,NaN,NaN,NaN,NaN,NaN,NaN,NaN
2006,10,6,732956,NaN,NaN,NaN,NaN,NaN,NaN,NaN,NaN,NaN,NaN
2006,10,7,732957,NaN,NaN,NaN,NaN,NaN,NaN,NaN,NaN,NaN,NaN
2006,10,8,732958,NaN,NaN,NaN,NaN,NaN,NaN,NaN,NaN,NaN,NaN
2006,10,9,732959,NaN,NaN,NaN,NaN,NaN,NaN,NaN,NaN,NaN,NaN
2006,10,10,732960,NaN,NaN,NaN,NaN,NaN,NaN,NaN,NaN,NaN,NaN
2006,10,11,732961,NaN,NaN,NaN,NaN,NaN,NaN,NaN,NaN,NaN,NaN
2006,10,12,732962,NaN,NaN,NaN,NaN,NaN,NaN,NaN,NaN,NaN,NaN
2006,10,13,732963,NaN,NaN,NaN,NaN,NaN,NaN,NaN,NaN,NaN,NaN
2006,10,14,732964,NaN,NaN,NaN,NaN,NaN,NaN,NaN,NaN,NaN,NaN
2006,10,15,732965,NaN,NaN,NaN,NaN,NaN,NaN,NaN,NaN,NaN,NaN
2006,10,16,732966,NaN,NaN,NaN,NaN,NaN,NaN,NaN,NaN,NaN,NaN
2006,10,17,732967,NaN,NaN,NaN,NaN,NaN,NaN,NaN,NaN,NaN,NaN
2006,10,18,732968,NaN,NaN,NaN,NaN,NaN,NaN,NaN,NaN,NaN,NaN
2006,10,19,732969,NaN,NaN,NaN,NaN,NaN,NaN,NaN,NaN,NaN,NaN
2006,10,20,732970,NaN,NaN,NaN,NaN,NaN,NaN,NaN,NaN,NaN,NaN
2006,10,21,732971,NaN,NaN,NaN,NaN,NaN,NaN,NaN,NaN,NaN,NaN
2006,10,22,732972,NaN,NaN,NaN,NaN,NaN,NaN,NaN,NaN,NaN,NaN
2006,10,23,732973,NaN,NaN,NaN,NaN,NaN,NaN,NaN,NaN,NaN,NaN
2006,10,24,732974,NaN,NaN,NaN,NaN,NaN,NaN,NaN,NaN,NaN,NaN
2006,10,25,732975,NaN,NaN,NaN,NaN,NaN,NaN,NaN,NaN,NaN,NaN
2006,10,26,732976,NaN,NaN,NaN,NaN,NaN,NaN,NaN,NaN,NaN,NaN
2006,10,27,732977,NaN,NaN,NaN,NaN,NaN,NaN,NaN,NaN,NaN,NaN
2006,10,28,732978,NaN,NaN,NaN,NaN,NaN,NaN,NaN,NaN,NaN,NaN
2006,10,29,732979,NaN,NaN,NaN,NaN,NaN,NaN,NaN,NaN,NaN,NaN
2006,10,30,732980,NaN,NaN,NaN,NaN,NaN,NaN,NaN,NaN,NaN,NaN
2006,10,31,732981,NaN,NaN,NaN,NaN,NaN,NaN,NaN,NaN,NaN,NaN
2006,11,1,732982,NaN,NaN,NaN,NaN,NaN,NaN,NaN,NaN,NaN,NaN
2006,11,2,732983,NaN,NaN,NaN,NaN,NaN,NaN,NaN,NaN,NaN,NaN
2006,11,3,732984,NaN,NaN,NaN,NaN,NaN,NaN,NaN,NaN,NaN,NaN
2006,11,4,732985,NaN,NaN,NaN,NaN,NaN,NaN,NaN,NaN,NaN,NaN
2006,11,5,732986,NaN,NaN,NaN,NaN,NaN,NaN,NaN,NaN,NaN,NaN
2006,11,6,732987,NaN,NaN,NaN,NaN,NaN,NaN,NaN,NaN,NaN,NaN
2006,11,7,732988,NaN,NaN,NaN,NaN,NaN,NaN,NaN,NaN,NaN,NaN
2006,11,8,732989,NaN,NaN,NaN,NaN,NaN,NaN,NaN,NaN,NaN,NaN
2006,11,9,732990,NaN,NaN,NaN,NaN,NaN,NaN,NaN,NaN,NaN,NaN
2006,11,10,732991,NaN,NaN,NaN,NaN,NaN,NaN,NaN,NaN,NaN,NaN
2006,11,11,732992,NaN,NaN,NaN,NaN,NaN,NaN,NaN,NaN,NaN,NaN
2006,11,12,732993,NaN,NaN,NaN,NaN,NaN,NaN,NaN,NaN,NaN,NaN
2006,11,13,732994,NaN,NaN,NaN,NaN,NaN,NaN,NaN,NaN,NaN,NaN
2006,11,14,732995,NaN,NaN,NaN,NaN,NaN,NaN,NaN,NaN,NaN,NaN
2006,11,15,732996,NaN,NaN,NaN,NaN,NaN,NaN,NaN,NaN,NaN,NaN
2006,11,16,732997,NaN,NaN,NaN,NaN,NaN,NaN,NaN,NaN,NaN,NaN
2006,11,17,732998,NaN,NaN,NaN,NaN,NaN,NaN,NaN,NaN,NaN,NaN
2006,11,18,732999,NaN,NaN,NaN,NaN,NaN,NaN,NaN,NaN,NaN,NaN
2006,11,19,733000,NaN,NaN,NaN,NaN,NaN,NaN,NaN,NaN,NaN,NaN
2006,11,20,733001,NaN,NaN,NaN,NaN,NaN,NaN,NaN,NaN,NaN,NaN
2006,11,21,733002,NaN,NaN,NaN,NaN,NaN,NaN,NaN,NaN,NaN,NaN
2006,11,22,733003,NaN,NaN,NaN,NaN,NaN,NaN,NaN,NaN,NaN,NaN
2006,11,23,733004,NaN,NaN,NaN,NaN,NaN,NaN,NaN,NaN,NaN,NaN
2006,11,24,733005,NaN,NaN,NaN,NaN,NaN,NaN,NaN,NaN,NaN,NaN
2006,11,25,733006,NaN,NaN,NaN,NaN,NaN,NaN,NaN,NaN,NaN,NaN
2006,11,26,733007,NaN,NaN,NaN,NaN,NaN,NaN,NaN,NaN,NaN,NaN
2006,11,27,733008,NaN,NaN,NaN,NaN,NaN,NaN,NaN,NaN,NaN,NaN
2006,11,28,733009,NaN,NaN,NaN,NaN,NaN,NaN,NaN,NaN,NaN,NaN
2006,11,29,733010,NaN,NaN,NaN,NaN,NaN,NaN,NaN,NaN,NaN,NaN
2006,11,30,733011,NaN,NaN,NaN,NaN,NaN,NaN,NaN,NaN,NaN,NaN
2006,12,1,733012,NaN,NaN,NaN,NaN,NaN,NaN,NaN,NaN,NaN,NaN
2006,12,2,733013,NaN,NaN,NaN,NaN,NaN,NaN,NaN,NaN,NaN,NaN
2006,12,3,733014,NaN,NaN,NaN,NaN,NaN,NaN,NaN,NaN,NaN,NaN
2006,12,4,733015,NaN,NaN,NaN,NaN,NaN,NaN,NaN,NaN,NaN,NaN
2006,12,5,733016,NaN,NaN,NaN,NaN,NaN,NaN,NaN,NaN,NaN,NaN
2006,12,6,733017,NaN,NaN,NaN,NaN,NaN,NaN,NaN,NaN,NaN,NaN
2006,12,7,733018,NaN,NaN,NaN,NaN,NaN,NaN,NaN,NaN,NaN,NaN
2006,12,8,733019,NaN,NaN,NaN,NaN,NaN,NaN,NaN,NaN,NaN,NaN
2006,12,9,733020,NaN,NaN,NaN,NaN,NaN,NaN,NaN,NaN,NaN,NaN
2006,12,10,733021,NaN,NaN,NaN,NaN,NaN,NaN,NaN,NaN,NaN,NaN
2006,12,11,733022,NaN,NaN,NaN,NaN,NaN,NaN,NaN,NaN,NaN,NaN
2006,12,12,733023,NaN,NaN,NaN,NaN,NaN,NaN,NaN,NaN,NaN,NaN
2006,12,13,733024,NaN,NaN,NaN,NaN,NaN,NaN,NaN,NaN,NaN,NaN
2006,12,14,733025,NaN,NaN,NaN,NaN,NaN,NaN,NaN,NaN,NaN,NaN
2006,12,15,733026,NaN,NaN,NaN,NaN,NaN,NaN,NaN,NaN,NaN,NaN
2006,12,16,733027,NaN,NaN,NaN,NaN,NaN,NaN,NaN,NaN,NaN,NaN
2006,12,17,733028,NaN,NaN,NaN,NaN,NaN,NaN,NaN,NaN,NaN,NaN
2006,12,18,733029,NaN,NaN,NaN,NaN,NaN,NaN,NaN,NaN,NaN,NaN
2006,12,19,733030,NaN,NaN,NaN,NaN,NaN,NaN,NaN,NaN,NaN,NaN
2006,12,20,733031,NaN,NaN,NaN,NaN,NaN,NaN,NaN,NaN,NaN,NaN
2006,12,21,733032,NaN,NaN,NaN,NaN,NaN,NaN,NaN,NaN,NaN,NaN
2006,12,22,733033,NaN,NaN,NaN,NaN,NaN,NaN,NaN,NaN,NaN,NaN
2006,12,23,733034,NaN,NaN,NaN,NaN,NaN,NaN,NaN,NaN,NaN,NaN
2006,12,24,733035,NaN,NaN,NaN,NaN,NaN,NaN,NaN,NaN,NaN,NaN
2006,12,25,733036,NaN,NaN,NaN,NaN,NaN,NaN,NaN,NaN,NaN,NaN
2006,12,26,733037,NaN,NaN,NaN,NaN,NaN,NaN,NaN,NaN,NaN,NaN
2006,12,27,733038,NaN,NaN,NaN,NaN,NaN,NaN,NaN,NaN,NaN,NaN
2006,12,28,733039,NaN,NaN,NaN,NaN,NaN,NaN,NaN,NaN,NaN,NaN
2006,12,29,733040,NaN,NaN,NaN,NaN,NaN,NaN,NaN,NaN,NaN,NaN
2006,12,30,733041,NaN,NaN,NaN,NaN,NaN,NaN,NaN,NaN,NaN,NaN
2006,12,31,733042,NaN,NaN,NaN,NaN,NaN,NaN,NaN,NaN,NaN,NaN
2007,1,1,733043,NaN,NaN,NaN,NaN,NaN,NaN,NaN,NaN,NaN,NaN
2007,1,2,733044,NaN,NaN,NaN,NaN,NaN,NaN,NaN,NaN,NaN,NaN
2007,1,3,733045,NaN,NaN,NaN,NaN,NaN,NaN,NaN,NaN,NaN,NaN
2007,1,4,733046,NaN,NaN,NaN,NaN,NaN,NaN,NaN,NaN,NaN,NaN
2007,1,5,733047,NaN,NaN,NaN,NaN,NaN,NaN,NaN,NaN,NaN,NaN
2007,1,6,733048,NaN,NaN,NaN,NaN,NaN,NaN,NaN,NaN,NaN,NaN
2007,1,7,733049,NaN,NaN,NaN,NaN,NaN,NaN,NaN,NaN,NaN,NaN
2007,1,8,733050,NaN,NaN,NaN,NaN,NaN,NaN,NaN,NaN,NaN,NaN
2007,1,9,733051,NaN,NaN,NaN,NaN,NaN,NaN,NaN,NaN,NaN,NaN
2007,1,10,733052,NaN,NaN,NaN,NaN,NaN,NaN,NaN,NaN,NaN,NaN
2007,1,11,733053,NaN,NaN,NaN,NaN,NaN,NaN,NaN,NaN,NaN,NaN
2007,1,12,733054,NaN,NaN,NaN,NaN,NaN,NaN,NaN,NaN,NaN,NaN
2007,1,13,733055,NaN,NaN,NaN,NaN,NaN,NaN,NaN,NaN,NaN,NaN
2007,1,14,733056,NaN,NaN,NaN,NaN,NaN,NaN,NaN,NaN,NaN,NaN
2007,1,15,733057,NaN,NaN,NaN,NaN,NaN,NaN,NaN,NaN,NaN,NaN
2007,1,16,733058,NaN,NaN,NaN,NaN,NaN,NaN,NaN,NaN,NaN,NaN
2007,1,17,733059,NaN,NaN,NaN,NaN,NaN,NaN,NaN,NaN,NaN,NaN
2007,1,18,733060,NaN,NaN,NaN,NaN,NaN,NaN,NaN,NaN,NaN,NaN
2007,1,19,733061,NaN,NaN,NaN,NaN,NaN,NaN,NaN,NaN,NaN,NaN
2007,1,20,733062,NaN,NaN,NaN,NaN,NaN,NaN,NaN,NaN,NaN,NaN
2007,1,21,733063,NaN,NaN,NaN,NaN,NaN,NaN,NaN,NaN,NaN,NaN
2007,1,22,733064,NaN,NaN,NaN,NaN,NaN,NaN,NaN,NaN,NaN,NaN
2007,1,23,733065,NaN,NaN,NaN,NaN,NaN,NaN,NaN,NaN,NaN,NaN
2007,1,24,733066,NaN,NaN,NaN,NaN,NaN,NaN,NaN,NaN,NaN,NaN
2007,1,25,733067,NaN,NaN,NaN,NaN,NaN,NaN,NaN,NaN,NaN,NaN
2007,1,26,733068,NaN,NaN,NaN,NaN,NaN,NaN,NaN,NaN,NaN,NaN
2007,1,27,733069,NaN,NaN,NaN,NaN,NaN,NaN,NaN,NaN,NaN,NaN
2007,1,28,733070,NaN,NaN,NaN,NaN,NaN,NaN,NaN,NaN,NaN,NaN
2007,1,29,733071,NaN,NaN,NaN,NaN,NaN,NaN,NaN,NaN,NaN,NaN
2007,1,30,733072,NaN,NaN,NaN,NaN,NaN,NaN,NaN,NaN,NaN,NaN
2007,1,31,733073,NaN,NaN,NaN,NaN,NaN,NaN,NaN,NaN,NaN,NaN
2007,2,1,733074,NaN,NaN,NaN,NaN,NaN,NaN,NaN,NaN,NaN,NaN
2007,2,2,733075,NaN,NaN,NaN,NaN,NaN,NaN,NaN,NaN,NaN,NaN
2007,2,3,733076,NaN,NaN,NaN,NaN,NaN,NaN,NaN,NaN,NaN,NaN
2007,2,4,733077,NaN,NaN,NaN,NaN,NaN,NaN,NaN,NaN,NaN,NaN
2007,2,5,733078,NaN,NaN,NaN,NaN,NaN,NaN,NaN,NaN,NaN,NaN
2007,2,6,733079,NaN,NaN,NaN,NaN,NaN,NaN,NaN,NaN,NaN,NaN
2007,2,7,733080,NaN,NaN,NaN,NaN,NaN,NaN,NaN,NaN,NaN,NaN
2007,2,8,733081,NaN,NaN,NaN,NaN,NaN,NaN,NaN,NaN,NaN,NaN
2007,2,9,733082,NaN,NaN,NaN,NaN,NaN,NaN,NaN,NaN,NaN,NaN
2007,2,10,733083,NaN,NaN,NaN,NaN,NaN,NaN,NaN,NaN,NaN,NaN
2007,2,11,733084,NaN,NaN,NaN,NaN,NaN,NaN,NaN,NaN,NaN,NaN
2007,2,12,733085,NaN,NaN,NaN,NaN,NaN,NaN,NaN,NaN,NaN,NaN
2007,2,13,733086,NaN,NaN,NaN,NaN,NaN,NaN,NaN,NaN,NaN,NaN
2007,2,14,733087,NaN,NaN,NaN,NaN,NaN,NaN,NaN,NaN,NaN,NaN
2007,2,15,733088,NaN,NaN,NaN,NaN,NaN,NaN,NaN,NaN,NaN,NaN
2007,2,16,733089,NaN,NaN,NaN,NaN,NaN,NaN,NaN,NaN,NaN,NaN
2007,2,17,733090,NaN,NaN,NaN,NaN,NaN,NaN,NaN,NaN,NaN,NaN
2007,2,18,733091,NaN,NaN,NaN,NaN,NaN,NaN,NaN,NaN,NaN,NaN
2007,2,19,733092,NaN,NaN,NaN,NaN,NaN,NaN,NaN,NaN,NaN,NaN
2007,2,20,733093,NaN,NaN,NaN,NaN,NaN,NaN,NaN,NaN,NaN,NaN
2007,2,21,733094,NaN,NaN,NaN,NaN,NaN,NaN,NaN,NaN,NaN,NaN
2007,2,22,733095,NaN,NaN,NaN,NaN,NaN,NaN,NaN,NaN,NaN,NaN
2007,2,23,733096,NaN,NaN,NaN,NaN,NaN,NaN,NaN,NaN,NaN,NaN
2007,2,24,733097,NaN,NaN,NaN,NaN,NaN,NaN,NaN,NaN,NaN,NaN
2007,2,25,733098,NaN,NaN,NaN,NaN,NaN,NaN,NaN,NaN,NaN,NaN
2007,2,26,733099,NaN,NaN,NaN,NaN,NaN,NaN,NaN,NaN,NaN,NaN
2007,2,27,733100,NaN,NaN,NaN,NaN,NaN,NaN,NaN,NaN,NaN,NaN
2007,2,28,733101,NaN,NaN,NaN,NaN,NaN,NaN,NaN,NaN,NaN,NaN
2007,3,1,733102,NaN,NaN,NaN,NaN,NaN,NaN,NaN,NaN,NaN,NaN
2007,3,2,733103,NaN,NaN,NaN,NaN,NaN,NaN,NaN,NaN,NaN,NaN
2007,3,3,733104,NaN,NaN,NaN,NaN,NaN,NaN,NaN,NaN,NaN,NaN
2007,3,4,733105,NaN,NaN,NaN,NaN,NaN,NaN,NaN,NaN,NaN,NaN
2007,3,5,733106,NaN,NaN,NaN,NaN,NaN,NaN,NaN,NaN,NaN,NaN
2007,3,6,733107,NaN,NaN,NaN,NaN,NaN,NaN,NaN,NaN,NaN,NaN
2007,3,7,733108,NaN,NaN,NaN,NaN,NaN,NaN,NaN,NaN,NaN,NaN
2007,3,8,733109,NaN,NaN,NaN,NaN,NaN,NaN,NaN,NaN,NaN,NaN
2007,3,9,733110,NaN,NaN,NaN,NaN,NaN,NaN,NaN,NaN,NaN,NaN
2007,3,10,733111,NaN,NaN,NaN,NaN,NaN,NaN,NaN,NaN,NaN,NaN
2007,3,11,733112,NaN,NaN,NaN,NaN,NaN,NaN,NaN,NaN,NaN,NaN
2007,3,12,733113,NaN,NaN,NaN,NaN,NaN,NaN,NaN,NaN,NaN,NaN
2007,3,13,733114,NaN,NaN,NaN,NaN,NaN,NaN,NaN,NaN,NaN,NaN
2007,3,14,733115,NaN,NaN,NaN,NaN,NaN,NaN,NaN,NaN,NaN,NaN
2007,3,15,733116,NaN,NaN,NaN,NaN,NaN,NaN,NaN,NaN,NaN,NaN
2007,3,16,733117,NaN,NaN,NaN,NaN,NaN,NaN,NaN,NaN,NaN,NaN
2007,3,17,733118,NaN,NaN,NaN,NaN,NaN,NaN,NaN,NaN,NaN,NaN
2007,3,18,733119,NaN,NaN,NaN,NaN,NaN,NaN,NaN,NaN,NaN,NaN
2007,3,19,733120,NaN,NaN,NaN,NaN,NaN,NaN,NaN,NaN,NaN,NaN
2007,3,20,733121,NaN,NaN,NaN,NaN,NaN,NaN,NaN,NaN,NaN,NaN
2007,3,21,733122,NaN,NaN,NaN,NaN,NaN,NaN,NaN,NaN,NaN,NaN
2007,3,22,733123,NaN,NaN,NaN,NaN,NaN,NaN,NaN,NaN,NaN,NaN
2007,3,23,733124,NaN,NaN,NaN,NaN,NaN,NaN,NaN,NaN,NaN,NaN
2007,3,24,733125,NaN,NaN,NaN,NaN,NaN,NaN,NaN,NaN,NaN,NaN
2007,3,25,733126,NaN,NaN,NaN,NaN,NaN,NaN,NaN,NaN,NaN,NaN
2007,3,26,733127,NaN,NaN,NaN,NaN,NaN,NaN,NaN,NaN,NaN,NaN
2007,3,27,733128,NaN,NaN,NaN,NaN,NaN,NaN,NaN,NaN,NaN,NaN
2007,3,28,733129,NaN,NaN,NaN,NaN,NaN,NaN,NaN,NaN,NaN,NaN
2007,3,29,733130,NaN,NaN,NaN,NaN,NaN,NaN,NaN,NaN,NaN,NaN
2007,3,30,733131,NaN,NaN,NaN,NaN,NaN,NaN,NaN,NaN,NaN,NaN
2007,3,31,733132,NaN,NaN,NaN,NaN,NaN,NaN,NaN,NaN,NaN,NaN
2007,4,1,733133,NaN,NaN,NaN,NaN,NaN,NaN,NaN,NaN,NaN,NaN
2007,4,2,733134,NaN,NaN,NaN,NaN,NaN,NaN,NaN,NaN,NaN,NaN
2007,4,3,733135,NaN,NaN,NaN,NaN,NaN,NaN,NaN,NaN,NaN,NaN
2007,4,4,733136,NaN,NaN,NaN,NaN,NaN,NaN,NaN,NaN,NaN,NaN
2007,4,5,733137,NaN,NaN,NaN,NaN,NaN,NaN,NaN,NaN,NaN,NaN
2007,4,6,733138,NaN,NaN,NaN,NaN,NaN,NaN,NaN,NaN,NaN,NaN
2007,4,7,733139,NaN,NaN,NaN,NaN,NaN,NaN,NaN,NaN,NaN,NaN
2007,4,8,733140,NaN,NaN,NaN,NaN,NaN,NaN,NaN,NaN,NaN,NaN
2007,4,9,733141,NaN,NaN,NaN,NaN,NaN,NaN,NaN,NaN,NaN,NaN
2007,4,10,733142,NaN,NaN,NaN,NaN,NaN,NaN,NaN,NaN,NaN,NaN
2007,4,11,733143,NaN,NaN,NaN,NaN,NaN,NaN,NaN,NaN,NaN,NaN
2007,4,12,733144,NaN,NaN,NaN,NaN,NaN,NaN,NaN,NaN,NaN,NaN
2007,4,13,733145,NaN,NaN,NaN,NaN,NaN,NaN,NaN,NaN,NaN,NaN
2007,4,14,733146,NaN,NaN,NaN,NaN,NaN,NaN,NaN,NaN,NaN,NaN
2007,4,15,733147,NaN,NaN,NaN,NaN,NaN,NaN,NaN,NaN,NaN,NaN
2007,4,16,733148,NaN,NaN,NaN,NaN,NaN,NaN,NaN,NaN,NaN,NaN
2007,4,17,733149,NaN,NaN,NaN,NaN,NaN,NaN,NaN,NaN,NaN,NaN
2007,4,18,733150,NaN,NaN,NaN,NaN,NaN,NaN,NaN,NaN,NaN,NaN
2007,4,19,733151,NaN,NaN,NaN,NaN,NaN,NaN,NaN,NaN,NaN,NaN
2007,4,20,733152,NaN,NaN,NaN,NaN,NaN,NaN,NaN,NaN,NaN,NaN
2007,4,21,733153,NaN,NaN,NaN,NaN,NaN,NaN,NaN,NaN,NaN,NaN
2007,4,22,733154,NaN,NaN,NaN,NaN,NaN,NaN,NaN,NaN,NaN,NaN
2007,4,23,733155,NaN,NaN,NaN,NaN,NaN,NaN,NaN,NaN,NaN,NaN
2007,4,24,733156,NaN,NaN,NaN,NaN,NaN,NaN,NaN,NaN,NaN,NaN
2007,4,25,733157,NaN,NaN,NaN,NaN,NaN,NaN,NaN,NaN,NaN,NaN
2007,4,26,733158,NaN,NaN,NaN,NaN,NaN,NaN,NaN,NaN,NaN,NaN
2007,4,27,733159,NaN,NaN,NaN,NaN,NaN,NaN,NaN,NaN,NaN,NaN
2007,4,28,733160,NaN,NaN,NaN,NaN,NaN,NaN,NaN,NaN,NaN,NaN
2007,4,29,733161,NaN,NaN,NaN,NaN,NaN,NaN,NaN,NaN,NaN,NaN
2007,4,30,733162,NaN,NaN,NaN,NaN,NaN,NaN,NaN,NaN,NaN,NaN
2007,5,1,733163,NaN,NaN,NaN,NaN,NaN,NaN,NaN,NaN,NaN,NaN
2007,5,2,733164,NaN,NaN,NaN,NaN,NaN,NaN,NaN,NaN,NaN,NaN
2007,5,3,733165,NaN,NaN,NaN,NaN,NaN,NaN,NaN,NaN,NaN,NaN
2007,5,4,733166,NaN,NaN,NaN,NaN,NaN,NaN,NaN,NaN,NaN,NaN
2007,5,5,733167,NaN,NaN,NaN,NaN,NaN,NaN,NaN,NaN,NaN,NaN
2007,5,6,733168,NaN,NaN,NaN,NaN,NaN,NaN,NaN,NaN,NaN,NaN
2007,5,7,733169,NaN,NaN,NaN,NaN,NaN,NaN,NaN,NaN,NaN,NaN
2007,5,8,733170,NaN,NaN,NaN,NaN,NaN,NaN,NaN,NaN,NaN,NaN
2007,5,9,733171,NaN,NaN,NaN,NaN,NaN,NaN,NaN,NaN,NaN,NaN
2007,5,10,733172,NaN,NaN,NaN,NaN,NaN,NaN,NaN,NaN,NaN,NaN
2007,5,11,733173,NaN,NaN,NaN,NaN,NaN,NaN,NaN,NaN,NaN,NaN
2007,5,12,733174,NaN,NaN,NaN,NaN,NaN,NaN,NaN,NaN,NaN,NaN
2007,5,13,733175,NaN,NaN,NaN,NaN,NaN,NaN,NaN,NaN,NaN,NaN
2007,5,14,733176,NaN,NaN,NaN,NaN,NaN,NaN,NaN,NaN,NaN,NaN
2007,5,15,733177,NaN,NaN,NaN,NaN,NaN,NaN,NaN,NaN,NaN,NaN
2007,5,16,733178,NaN,NaN,NaN,NaN,NaN,NaN,NaN,NaN,NaN,NaN
2007,5,17,733179,NaN,NaN,NaN,NaN,NaN,NaN,NaN,NaN,NaN,NaN
2007,5,18,733180,NaN,NaN,NaN,NaN,NaN,NaN,NaN,NaN,NaN,NaN
2007,5,19,733181,NaN,NaN,NaN,NaN,NaN,NaN,NaN,NaN,NaN,NaN
2007,5,20,733182,NaN,NaN,NaN,NaN,NaN,NaN,NaN,NaN,NaN,NaN
2007,5,21,733183,NaN,NaN,NaN,NaN,NaN,NaN,NaN,NaN,NaN,NaN
2007,5,22,733184,NaN,NaN,NaN,NaN,NaN,NaN,NaN,NaN,NaN,NaN
2007,5,23,733185,NaN,NaN,NaN,NaN,NaN,NaN,NaN,NaN,NaN,NaN
2007,5,24,733186,NaN,NaN,NaN,NaN,NaN,NaN,NaN,NaN,NaN,NaN
2007,5,25,733187,NaN,NaN,NaN,NaN,NaN,NaN,NaN,NaN,NaN,NaN
2007,5,26,733188,NaN,NaN,NaN,NaN,NaN,NaN,NaN,NaN,NaN,NaN
2007,5,27,733189,NaN,NaN,NaN,NaN,NaN,NaN,NaN,NaN,NaN,NaN
2007,5,28,733190,NaN,NaN,NaN,NaN,NaN,NaN,NaN,NaN,NaN,NaN
2007,5,29,733191,NaN,NaN,NaN,NaN,NaN,NaN,NaN,NaN,NaN,NaN
2007,5,30,733192,NaN,NaN,NaN,NaN,NaN,NaN,NaN,NaN,NaN,NaN
2007,5,31,733193,NaN,NaN,NaN,NaN,NaN,NaN,NaN,NaN,NaN,NaN
2007,6,1,733194,NaN,NaN,NaN,NaN,NaN,NaN,NaN,NaN,NaN,NaN
2007,6,2,733195,NaN,NaN,NaN,NaN,NaN,NaN,NaN,NaN,NaN,NaN
2007,6,3,733196,NaN,NaN,NaN,NaN,NaN,NaN,NaN,NaN,NaN,NaN
2007,6,4,733197,NaN,NaN,NaN,NaN,NaN,NaN,NaN,NaN,NaN,NaN
2007,6,5,733198,NaN,NaN,NaN,NaN,NaN,NaN,NaN,NaN,NaN,NaN
2007,6,6,733199,NaN,NaN,NaN,NaN,NaN,NaN,NaN,NaN,NaN,NaN
2007,6,7,733200,NaN,NaN,NaN,NaN,NaN,NaN,NaN,NaN,NaN,NaN
2007,6,8,733201,NaN,NaN,NaN,NaN,NaN,NaN,NaN,NaN,NaN,NaN
2007,6,9,733202,NaN,NaN,NaN,NaN,NaN,NaN,NaN,NaN,NaN,NaN
2007,6,10,733203,NaN,NaN,NaN,NaN,NaN,NaN,NaN,NaN,NaN,NaN
2007,6,11,733204,NaN,NaN,NaN,NaN,NaN,NaN,NaN,NaN,NaN,NaN
2007,6,12,733205,NaN,NaN,NaN,NaN,NaN,NaN,NaN,NaN,NaN,NaN
2007,6,13,733206,NaN,NaN,NaN,NaN,NaN,NaN,NaN,NaN,NaN,NaN
2007,6,14,733207,NaN,NaN,NaN,NaN,NaN,NaN,NaN,NaN,NaN,NaN
2007,6,15,733208,NaN,NaN,NaN,NaN,NaN,NaN,NaN,NaN,NaN,NaN
2007,6,16,733209,NaN,NaN,NaN,NaN,NaN,NaN,NaN,NaN,NaN,NaN
2007,6,17,733210,NaN,NaN,NaN,NaN,NaN,NaN,NaN,NaN,NaN,NaN
2007,6,18,733211,NaN,NaN,NaN,NaN,NaN,NaN,NaN,NaN,NaN,NaN
2007,6,19,733212,NaN,NaN,NaN,NaN,NaN,NaN,NaN,NaN,NaN,NaN
2007,6,20,733213,NaN,NaN,NaN,NaN,NaN,NaN,NaN,NaN,NaN,NaN
2007,6,21,733214,NaN,NaN,NaN,NaN,NaN,NaN,NaN,NaN,NaN,NaN
2007,6,22,733215,NaN,NaN,NaN,NaN,NaN,NaN,NaN,NaN,NaN,NaN
2007,6,23,733216,NaN,NaN,NaN,NaN,NaN,NaN,NaN,NaN,NaN,NaN
2007,6,24,733217,NaN,NaN,NaN,NaN,NaN,NaN,NaN,NaN,NaN,NaN
2007,6,25,733218,NaN,NaN,NaN,NaN,NaN,NaN,NaN,NaN,NaN,NaN
2007,6,26,733219,NaN,NaN,NaN,NaN,NaN,NaN,NaN,NaN,NaN,NaN
2007,6,27,733220,NaN,NaN,NaN,NaN,NaN,NaN,NaN,NaN,NaN,NaN
2007,6,28,733221,NaN,NaN,NaN,NaN,NaN,NaN,NaN,NaN,NaN,NaN
2007,6,29,733222,NaN,NaN,NaN,NaN,NaN,NaN,NaN,NaN,NaN,NaN
2007,6,30,733223,NaN,NaN,NaN,NaN,NaN,NaN,NaN,NaN,NaN,NaN
2007,7,1,733224,NaN,NaN,NaN,NaN,NaN,NaN,NaN,NaN,NaN,NaN
2007,7,2,733225,NaN,NaN,NaN,NaN,NaN,NaN,NaN,NaN,NaN,NaN
2007,7,3,733226,NaN,NaN,NaN,NaN,NaN,NaN,NaN,NaN,NaN,NaN
2007,7,4,733227,NaN,NaN,NaN,NaN,NaN,NaN,NaN,NaN,NaN,NaN
2007,7,5,733228,NaN,NaN,NaN,NaN,NaN,NaN,NaN,NaN,NaN,NaN
2007,7,6,733229,NaN,NaN,NaN,NaN,NaN,NaN,NaN,NaN,NaN,NaN
2007,7,7,733230,NaN,NaN,NaN,NaN,NaN,NaN,NaN,NaN,NaN,NaN
2007,7,8,733231,NaN,NaN,NaN,NaN,NaN,NaN,NaN,NaN,NaN,NaN
2007,7,9,733232,NaN,NaN,NaN,NaN,NaN,NaN,NaN,NaN,NaN,NaN
2007,7,10,733233,NaN,NaN,NaN,NaN,NaN,NaN,NaN,NaN,NaN,NaN
2007,7,11,733234,NaN,NaN,NaN,NaN,NaN,NaN,NaN,NaN,NaN,NaN
2007,7,12,733235,NaN,NaN,NaN,NaN,NaN,NaN,NaN,NaN,NaN,NaN
2007,7,13,733236,NaN,NaN,NaN,NaN,NaN,NaN,NaN,NaN,NaN,NaN
2007,7,14,733237,NaN,NaN,NaN,NaN,NaN,NaN,NaN,NaN,NaN,NaN
2007,7,15,733238,NaN,NaN,NaN,NaN,NaN,NaN,NaN,NaN,NaN,NaN
2007,7,16,733239,NaN,NaN,NaN,NaN,NaN,NaN,NaN,NaN,NaN,NaN
2007,7,17,733240,NaN,NaN,NaN,NaN,NaN,NaN,NaN,NaN,NaN,NaN
2007,7,18,733241,NaN,NaN,NaN,NaN,NaN,NaN,NaN,NaN,NaN,NaN
2007,7,19,733242,NaN,NaN,NaN,NaN,NaN,NaN,NaN,NaN,NaN,NaN
2007,7,20,733243,NaN,NaN,NaN,NaN,NaN,NaN,NaN,NaN,NaN,NaN
2007,7,21,733244,NaN,NaN,NaN,NaN,NaN,NaN,NaN,NaN,NaN,NaN
2007,7,22,733245,NaN,NaN,NaN,NaN,NaN,NaN,NaN,NaN,NaN,NaN
2007,7,23,733246,NaN,NaN,NaN,NaN,NaN,NaN,NaN,NaN,NaN,NaN
2007,7,24,733247,NaN,NaN,NaN,NaN,NaN,NaN,NaN,NaN,NaN,NaN
2007,7,25,733248,NaN,NaN,NaN,NaN,NaN,NaN,NaN,NaN,NaN,NaN
2007,7,26,733249,NaN,NaN,NaN,NaN,NaN,NaN,NaN,NaN,NaN,NaN
2007,7,27,733250,NaN,NaN,NaN,NaN,NaN,NaN,NaN,NaN,NaN,NaN
2007,7,28,733251,NaN,NaN,NaN,NaN,NaN,NaN,NaN,NaN,NaN,NaN
2007,7,29,733252,NaN,NaN,NaN,NaN,NaN,NaN,NaN,NaN,NaN,NaN
2007,7,30,733253,NaN,NaN,NaN,NaN,NaN,NaN,NaN,NaN,NaN,NaN
2007,7,31,733254,NaN,NaN,NaN,NaN,NaN,NaN,NaN,NaN,NaN,NaN
2007,8,1,733255,NaN,NaN,NaN,NaN,NaN,NaN,NaN,NaN,NaN,NaN
2007,8,2,733256,NaN,NaN,NaN,NaN,NaN,NaN,NaN,NaN,NaN,NaN
2007,8,3,733257,NaN,NaN,NaN,NaN,NaN,NaN,NaN,NaN,NaN,NaN
2007,8,4,733258,NaN,NaN,NaN,NaN,NaN,NaN,NaN,NaN,NaN,NaN
2007,8,5,733259,NaN,NaN,NaN,NaN,NaN,NaN,NaN,NaN,NaN,NaN
2007,8,6,733260,NaN,NaN,NaN,NaN,NaN,NaN,NaN,NaN,NaN,NaN
2007,8,7,733261,NaN,NaN,NaN,NaN,NaN,NaN,NaN,NaN,NaN,NaN
2007,8,8,733262,NaN,NaN,NaN,NaN,NaN,NaN,NaN,NaN,NaN,NaN
2007,8,9,733263,NaN,NaN,NaN,NaN,NaN,NaN,NaN,NaN,NaN,NaN
2007,8,10,733264,NaN,NaN,NaN,NaN,NaN,NaN,NaN,NaN,NaN,NaN
2007,8,11,733265,NaN,NaN,NaN,NaN,NaN,NaN,NaN,NaN,NaN,NaN
2007,8,12,733266,NaN,NaN,NaN,NaN,NaN,NaN,NaN,NaN,NaN,NaN
2007,8,13,733267,NaN,NaN,NaN,NaN,NaN,NaN,NaN,NaN,NaN,NaN
2007,8,14,733268,NaN,NaN,NaN,NaN,NaN,NaN,NaN,NaN,NaN,NaN
2007,8,15,733269,NaN,NaN,NaN,NaN,NaN,NaN,NaN,NaN,NaN,NaN
2007,8,16,733270,NaN,NaN,NaN,NaN,NaN,NaN,NaN,NaN,NaN,NaN
2007,8,17,733271,NaN,NaN,NaN,NaN,NaN,NaN,NaN,NaN,NaN,NaN
2007,8,18,733272,NaN,NaN,NaN,NaN,NaN,NaN,NaN,NaN,NaN,NaN
2007,8,19,733273,NaN,NaN,NaN,NaN,NaN,NaN,NaN,NaN,NaN,NaN
2007,8,20,733274,NaN,NaN,NaN,NaN,NaN,NaN,NaN,NaN,NaN,NaN
2007,8,21,733275,NaN,NaN,NaN,NaN,NaN,NaN,NaN,NaN,NaN,NaN
2007,8,22,733276,NaN,NaN,NaN,NaN,NaN,NaN,NaN,NaN,NaN,NaN
2007,8,23,733277,NaN,NaN,NaN,NaN,NaN,NaN,NaN,NaN,NaN,NaN
2007,8,24,733278,NaN,NaN,NaN,NaN,NaN,NaN,NaN,NaN,NaN,NaN
2007,8,25,733279,NaN,NaN,NaN,NaN,NaN,NaN,NaN,NaN,NaN,NaN
2007,8,26,733280,NaN,NaN,NaN,NaN,NaN,NaN,NaN,NaN,NaN,NaN
2007,8,27,733281,NaN,NaN,NaN,NaN,NaN,NaN,NaN,NaN,NaN,NaN
2007,8,28,733282,NaN,NaN,NaN,NaN,NaN,NaN,NaN,NaN,NaN,NaN
2007,8,29,733283,NaN,NaN,NaN,NaN,NaN,NaN,NaN,NaN,NaN,NaN
2007,8,30,733284,NaN,NaN,NaN,NaN,NaN,NaN,NaN,NaN,NaN,NaN
2007,8,31,733285,NaN,NaN,NaN,NaN,NaN,NaN,NaN,NaN,NaN,NaN
2007,9,1,733286,NaN,NaN,NaN,NaN,NaN,NaN,NaN,NaN,NaN,NaN
2007,9,2,733287,NaN,NaN,NaN,NaN,NaN,NaN,NaN,NaN,NaN,NaN
2007,9,3,733288,NaN,NaN,NaN,NaN,NaN,NaN,NaN,NaN,NaN,NaN
2007,9,4,733289,NaN,NaN,NaN,NaN,NaN,NaN,NaN,NaN,NaN,NaN
2007,9,5,733290,NaN,NaN,NaN,NaN,NaN,NaN,NaN,NaN,NaN,NaN
2007,9,6,733291,NaN,NaN,NaN,NaN,NaN,NaN,NaN,NaN,NaN,NaN
2007,9,7,733292,NaN,NaN,NaN,NaN,NaN,NaN,NaN,NaN,NaN,NaN
2007,9,8,733293,NaN,NaN,NaN,NaN,NaN,NaN,NaN,NaN,NaN,NaN
2007,9,9,733294,NaN,NaN,NaN,NaN,NaN,NaN,NaN,NaN,NaN,NaN
2007,9,10,733295,NaN,NaN,NaN,NaN,NaN,NaN,NaN,NaN,NaN,NaN
2007,9,11,733296,NaN,NaN,NaN,NaN,NaN,NaN,NaN,NaN,NaN,NaN
2007,9,12,733297,NaN,NaN,NaN,NaN,NaN,NaN,NaN,NaN,NaN,NaN
2007,9,13,733298,NaN,NaN,NaN,NaN,NaN,NaN,NaN,NaN,NaN,NaN
2007,9,14,733299,NaN,NaN,NaN,NaN,NaN,NaN,NaN,NaN,NaN,NaN
2007,9,15,733300,NaN,NaN,NaN,NaN,NaN,NaN,NaN,NaN,NaN,NaN
2007,9,16,733301,NaN,NaN,NaN,NaN,NaN,NaN,NaN,NaN,NaN,NaN
2007,9,17,733302,NaN,NaN,NaN,NaN,NaN,NaN,NaN,NaN,NaN,NaN
2007,9,18,733303,NaN,NaN,NaN,NaN,NaN,NaN,NaN,NaN,NaN,NaN
2007,9,19,733304,NaN,NaN,NaN,NaN,NaN,NaN,NaN,NaN,NaN,NaN
2007,9,20,733305,NaN,NaN,NaN,NaN,NaN,NaN,NaN,NaN,NaN,NaN
2007,9,21,733306,NaN,NaN,NaN,NaN,NaN,NaN,NaN,NaN,NaN,NaN
2007,9,22,733307,NaN,NaN,NaN,NaN,NaN,NaN,NaN,NaN,NaN,NaN
2007,9,23,733308,NaN,NaN,NaN,NaN,NaN,NaN,NaN,NaN,NaN,NaN
2007,9,24,733309,NaN,NaN,NaN,NaN,NaN,NaN,NaN,NaN,NaN,NaN
2007,9,25,733310,NaN,NaN,NaN,NaN,NaN,NaN,NaN,NaN,NaN,NaN
2007,9,26,733311,NaN,NaN,NaN,NaN,NaN,NaN,NaN,NaN,NaN,NaN
2007,9,27,733312,NaN,NaN,NaN,NaN,NaN,NaN,NaN,NaN,NaN,NaN
2007,9,28,733313,NaN,NaN,NaN,NaN,NaN,NaN,NaN,NaN,NaN,NaN
2007,9,29,733314,NaN,NaN,NaN,NaN,NaN,NaN,NaN,NaN,NaN,NaN
2007,9,30,733315,NaN,NaN,NaN,NaN,NaN,NaN,NaN,NaN,NaN,NaN
2007,10,1,733316,NaN,NaN,NaN,NaN,NaN,NaN,NaN,NaN,NaN,NaN
2007,10,2,733317,NaN,NaN,NaN,NaN,NaN,NaN,NaN,NaN,NaN,NaN
2007,10,3,733318,NaN,NaN,NaN,NaN,NaN,NaN,NaN,NaN,NaN,NaN
2007,10,4,733319,NaN,NaN,NaN,NaN,NaN,NaN,NaN,NaN,NaN,NaN
2007,10,5,733320,NaN,NaN,NaN,NaN,NaN,NaN,NaN,NaN,NaN,NaN
2007,10,6,733321,NaN,NaN,NaN,NaN,NaN,NaN,NaN,NaN,NaN,NaN
2007,10,7,733322,NaN,NaN,NaN,NaN,NaN,NaN,NaN,NaN,NaN,NaN
2007,10,8,733323,NaN,NaN,NaN,NaN,NaN,NaN,NaN,NaN,NaN,NaN
2007,10,9,733324,NaN,NaN,NaN,NaN,NaN,NaN,NaN,NaN,NaN,NaN
2007,10,10,733325,NaN,NaN,NaN,NaN,NaN,NaN,NaN,NaN,NaN,NaN
2007,10,11,733326,NaN,NaN,NaN,NaN,NaN,NaN,NaN,NaN,NaN,NaN
2007,10,12,733327,NaN,NaN,NaN,NaN,NaN,NaN,NaN,NaN,NaN,NaN
2007,10,13,733328,NaN,NaN,NaN,NaN,NaN,NaN,NaN,NaN,NaN,NaN
2007,10,14,733329,NaN,NaN,NaN,NaN,NaN,NaN,NaN,NaN,NaN,NaN
2007,10,15,733330,NaN,NaN,NaN,NaN,NaN,NaN,NaN,NaN,NaN,NaN
2007,10,16,733331,NaN,NaN,NaN,NaN,NaN,NaN,NaN,NaN,NaN,NaN
2007,10,17,733332,NaN,NaN,NaN,NaN,NaN,NaN,NaN,NaN,NaN,NaN
2007,10,18,733333,NaN,NaN,NaN,NaN,NaN,NaN,NaN,NaN,NaN,NaN
2007,10,19,733334,NaN,NaN,NaN,NaN,NaN,NaN,NaN,NaN,NaN,NaN
2007,10,20,733335,NaN,NaN,NaN,NaN,NaN,NaN,NaN,NaN,NaN,NaN
2007,10,21,733336,NaN,NaN,NaN,NaN,NaN,NaN,NaN,NaN,NaN,NaN
2007,10,22,733337,NaN,NaN,NaN,NaN,NaN,NaN,NaN,NaN,NaN,NaN
2007,10,23,733338,NaN,NaN,NaN,NaN,NaN,NaN,NaN,NaN,NaN,NaN
2007,10,24,733339,NaN,NaN,NaN,NaN,NaN,NaN,NaN,NaN,NaN,NaN
2007,10,25,733340,NaN,NaN,NaN,NaN,NaN,NaN,NaN,NaN,NaN,NaN
2007,10,26,733341,NaN,NaN,NaN,NaN,NaN,NaN,NaN,NaN,NaN,NaN
2007,10,27,733342,NaN,NaN,NaN,NaN,NaN,NaN,NaN,NaN,NaN,NaN
2007,10,28,733343,NaN,NaN,NaN,NaN,NaN,NaN,NaN,NaN,NaN,NaN
2007,10,29,733344,NaN,NaN,NaN,NaN,NaN,NaN,NaN,NaN,NaN,NaN
2007,10,30,733345,NaN,NaN,NaN,NaN,NaN,NaN,NaN,NaN,NaN,NaN
2007,10,31,733346,NaN,NaN,NaN,NaN,NaN,NaN,NaN,NaN,NaN,NaN
2007,11,1,733347,NaN,NaN,NaN,NaN,NaN,NaN,NaN,NaN,NaN,NaN
2007,11,2,733348,NaN,NaN,NaN,NaN,NaN,NaN,NaN,NaN,NaN,NaN
2007,11,3,733349,NaN,NaN,NaN,NaN,NaN,NaN,NaN,NaN,NaN,NaN
2007,11,4,733350,NaN,NaN,NaN,NaN,NaN,NaN,NaN,NaN,NaN,NaN
2007,11,5,733351,NaN,NaN,NaN,NaN,NaN,NaN,NaN,NaN,NaN,NaN
2007,11,6,733352,NaN,NaN,NaN,NaN,NaN,NaN,NaN,NaN,NaN,NaN
2007,11,7,733353,NaN,NaN,NaN,NaN,NaN,NaN,NaN,NaN,NaN,NaN
2007,11,8,733354,NaN,NaN,NaN,NaN,NaN,NaN,NaN,NaN,NaN,NaN
2007,11,9,733355,NaN,NaN,NaN,NaN,NaN,NaN,NaN,NaN,NaN,NaN
2007,11,10,733356,NaN,NaN,NaN,NaN,NaN,NaN,NaN,NaN,NaN,NaN
2007,11,11,733357,NaN,NaN,NaN,NaN,NaN,NaN,NaN,NaN,NaN,NaN
2007,11,12,733358,NaN,NaN,NaN,NaN,NaN,NaN,NaN,NaN,NaN,NaN
2007,11,13,733359,NaN,NaN,NaN,NaN,NaN,NaN,NaN,NaN,NaN,NaN
2007,11,14,733360,NaN,NaN,NaN,NaN,NaN,NaN,NaN,NaN,NaN,NaN
2007,11,15,733361,NaN,NaN,NaN,NaN,NaN,NaN,NaN,NaN,NaN,NaN
2007,11,16,733362,NaN,NaN,NaN,NaN,NaN,NaN,NaN,NaN,NaN,NaN
2007,11,17,733363,NaN,NaN,NaN,NaN,NaN,NaN,NaN,NaN,NaN,NaN
2007,11,18,733364,NaN,NaN,NaN,NaN,NaN,NaN,NaN,NaN,NaN,NaN
2007,11,19,733365,NaN,NaN,NaN,NaN,NaN,NaN,NaN,NaN,NaN,NaN
2007,11,20,733366,NaN,NaN,NaN,NaN,NaN,NaN,NaN,NaN,NaN,NaN
2007,11,21,733367,NaN,NaN,NaN,NaN,NaN,NaN,NaN,NaN,NaN,NaN
2007,11,22,733368,NaN,NaN,NaN,NaN,NaN,NaN,NaN,NaN,NaN,NaN
2007,11,23,733369,NaN,NaN,NaN,NaN,NaN,NaN,NaN,NaN,NaN,NaN
2007,11,24,733370,NaN,NaN,NaN,NaN,NaN,NaN,NaN,NaN,NaN,NaN
2007,11,25,733371,NaN,NaN,NaN,NaN,NaN,NaN,NaN,NaN,NaN,NaN
2007,11,26,733372,NaN,NaN,NaN,NaN,NaN,NaN,NaN,NaN,NaN,NaN
2007,11,27,733373,NaN,NaN,NaN,NaN,NaN,NaN,NaN,NaN,NaN,NaN
2007,11,28,733374,NaN,NaN,NaN,NaN,NaN,NaN,NaN,NaN,NaN,NaN
2007,11,29,733375,NaN,NaN,NaN,NaN,NaN,NaN,NaN,NaN,NaN,NaN
2007,11,30,733376,NaN,NaN,NaN,NaN,NaN,NaN,NaN,NaN,NaN,NaN
2007,12,1,733377,NaN,NaN,NaN,NaN,NaN,NaN,NaN,NaN,NaN,NaN
2007,12,2,733378,NaN,NaN,NaN,NaN,NaN,NaN,NaN,NaN,NaN,NaN
2007,12,3,733379,NaN,NaN,NaN,NaN,NaN,NaN,NaN,NaN,NaN,NaN
2007,12,4,733380,NaN,NaN,NaN,NaN,NaN,NaN,NaN,NaN,NaN,NaN
2007,12,5,733381,NaN,NaN,NaN,NaN,NaN,NaN,NaN,NaN,NaN,NaN
2007,12,6,733382,NaN,NaN,NaN,NaN,NaN,NaN,NaN,NaN,NaN,NaN
2007,12,7,733383,NaN,NaN,NaN,NaN,NaN,NaN,NaN,NaN,NaN,NaN
2007,12,8,733384,NaN,NaN,NaN,NaN,NaN,NaN,NaN,NaN,NaN,NaN
2007,12,9,733385,NaN,NaN,NaN,NaN,NaN,NaN,NaN,NaN,NaN,NaN
2007,12,10,733386,NaN,NaN,NaN,NaN,NaN,NaN,NaN,NaN,NaN,NaN
2007,12,11,733387,NaN,NaN,NaN,NaN,NaN,NaN,NaN,NaN,NaN,NaN
2007,12,12,733388,NaN,NaN,NaN,NaN,NaN,NaN,NaN,NaN,NaN,NaN
2007,12,13,733389,NaN,NaN,NaN,NaN,NaN,NaN,NaN,NaN,NaN,NaN
2007,12,14,733390,NaN,NaN,NaN,NaN,NaN,NaN,NaN,NaN,NaN,NaN
2007,12,15,733391,NaN,NaN,NaN,NaN,NaN,NaN,NaN,NaN,NaN,NaN
2007,12,16,733392,NaN,NaN,NaN,NaN,NaN,NaN,NaN,NaN,NaN,NaN
2007,12,17,733393,NaN,NaN,NaN,NaN,NaN,NaN,NaN,NaN,NaN,NaN
2007,12,18,733394,NaN,NaN,NaN,NaN,NaN,NaN,NaN,NaN,NaN,NaN
2007,12,19,733395,NaN,NaN,NaN,NaN,NaN,NaN,NaN,NaN,NaN,NaN
2007,12,20,733396,NaN,NaN,NaN,NaN,NaN,NaN,NaN,NaN,NaN,NaN
2007,12,21,733397,NaN,NaN,NaN,NaN,NaN,NaN,NaN,NaN,NaN,NaN
2007,12,22,733398,NaN,NaN,NaN,NaN,NaN,NaN,NaN,NaN,NaN,NaN
2007,12,23,733399,NaN,NaN,NaN,NaN,NaN,NaN,NaN,NaN,NaN,NaN
2007,12,24,733400,NaN,NaN,NaN,NaN,NaN,NaN,NaN,NaN,NaN,NaN
2007,12,25,733401,NaN,NaN,NaN,NaN,NaN,NaN,NaN,NaN,NaN,NaN
2007,12,26,733402,NaN,NaN,NaN,NaN,NaN,NaN,NaN,NaN,NaN,NaN
2007,12,27,733403,NaN,NaN,NaN,NaN,NaN,NaN,NaN,NaN,NaN,NaN
2007,12,28,733404,NaN,NaN,NaN,NaN,NaN,NaN,NaN,NaN,NaN,NaN
2007,12,29,733405,NaN,NaN,NaN,NaN,NaN,NaN,NaN,NaN,NaN,NaN
2007,12,30,733406,NaN,NaN,NaN,NaN,NaN,NaN,NaN,NaN,NaN,NaN
2007,12,31,733407,NaN,NaN,NaN,NaN,NaN,NaN,NaN,NaN,NaN,NaN
2008,1,1,733408,NaN,NaN,NaN,NaN,NaN,NaN,NaN,NaN,NaN,NaN
2008,1,2,733409,NaN,NaN,NaN,NaN,NaN,NaN,NaN,NaN,NaN,NaN
2008,1,3,733410,NaN,NaN,NaN,NaN,NaN,NaN,NaN,NaN,NaN,NaN
2008,1,4,733411,NaN,NaN,NaN,NaN,NaN,NaN,NaN,NaN,NaN,NaN
2008,1,5,733412,NaN,NaN,NaN,NaN,NaN,NaN,NaN,NaN,NaN,NaN
2008,1,6,733413,NaN,NaN,NaN,NaN,NaN,NaN,NaN,NaN,NaN,NaN
2008,1,7,733414,NaN,NaN,NaN,NaN,NaN,NaN,NaN,NaN,NaN,NaN
2008,1,8,733415,NaN,NaN,NaN,NaN,NaN,NaN,NaN,NaN,NaN,NaN
2008,1,9,733416,NaN,NaN,NaN,NaN,NaN,NaN,NaN,NaN,NaN,NaN
2008,1,10,733417,NaN,NaN,NaN,NaN,NaN,NaN,NaN,NaN,NaN,NaN
2008,1,11,733418,NaN,NaN,NaN,NaN,NaN,NaN,NaN,NaN,NaN,NaN
2008,1,12,733419,NaN,NaN,NaN,NaN,NaN,NaN,NaN,NaN,NaN,NaN
2008,1,13,733420,NaN,NaN,NaN,NaN,NaN,NaN,NaN,NaN,NaN,NaN
2008,1,14,733421,NaN,NaN,NaN,NaN,NaN,NaN,NaN,NaN,NaN,NaN
2008,1,15,733422,NaN,NaN,NaN,NaN,NaN,NaN,NaN,NaN,NaN,NaN
2008,1,16,733423,NaN,NaN,NaN,NaN,NaN,NaN,NaN,NaN,NaN,NaN
2008,1,17,733424,NaN,NaN,NaN,NaN,NaN,NaN,NaN,NaN,NaN,NaN
2008,1,18,733425,NaN,NaN,NaN,NaN,NaN,NaN,NaN,NaN,NaN,NaN
2008,1,19,733426,NaN,NaN,NaN,NaN,NaN,NaN,NaN,NaN,NaN,NaN
2008,1,20,733427,NaN,NaN,NaN,NaN,NaN,NaN,NaN,NaN,NaN,NaN
2008,1,21,733428,NaN,NaN,NaN,NaN,NaN,NaN,NaN,NaN,NaN,NaN
2008,1,22,733429,NaN,NaN,NaN,NaN,NaN,NaN,NaN,NaN,NaN,NaN
2008,1,23,733430,NaN,NaN,NaN,NaN,NaN,NaN,NaN,NaN,NaN,NaN
2008,1,24,733431,NaN,NaN,NaN,NaN,NaN,NaN,NaN,NaN,NaN,NaN
2008,1,25,733432,NaN,NaN,NaN,NaN,NaN,NaN,NaN,NaN,NaN,NaN
2008,1,26,733433,NaN,NaN,NaN,NaN,NaN,NaN,NaN,NaN,NaN,NaN
2008,1,27,733434,NaN,NaN,NaN,NaN,NaN,NaN,NaN,NaN,NaN,NaN
2008,1,28,733435,NaN,NaN,NaN,NaN,NaN,NaN,NaN,NaN,NaN,NaN
2008,1,29,733436,NaN,NaN,NaN,NaN,NaN,NaN,NaN,NaN,NaN,NaN
2008,1,30,733437,NaN,NaN,NaN,NaN,NaN,NaN,NaN,NaN,NaN,NaN
2008,1,31,733438,NaN,NaN,NaN,NaN,NaN,NaN,NaN,NaN,NaN,NaN
2008,2,1,733439,NaN,NaN,NaN,NaN,NaN,NaN,NaN,NaN,NaN,NaN
2008,2,2,733440,NaN,NaN,NaN,NaN,NaN,NaN,NaN,NaN,NaN,NaN
2008,2,3,733441,NaN,NaN,NaN,NaN,NaN,NaN,NaN,NaN,NaN,NaN
2008,2,4,733442,NaN,NaN,NaN,NaN,NaN,NaN,NaN,NaN,NaN,NaN
2008,2,5,733443,NaN,NaN,NaN,NaN,NaN,NaN,NaN,NaN,NaN,NaN
2008,2,6,733444,NaN,NaN,NaN,NaN,NaN,NaN,NaN,NaN,NaN,NaN
2008,2,7,733445,NaN,NaN,NaN,NaN,NaN,NaN,NaN,NaN,NaN,NaN
2008,2,8,733446,NaN,NaN,NaN,NaN,NaN,NaN,NaN,NaN,NaN,NaN
2008,2,9,733447,NaN,NaN,NaN,NaN,NaN,NaN,NaN,NaN,NaN,NaN
2008,2,10,733448,NaN,NaN,NaN,NaN,NaN,NaN,NaN,NaN,NaN,NaN
2008,2,11,733449,NaN,NaN,NaN,NaN,NaN,NaN,NaN,NaN,NaN,NaN
2008,2,12,733450,NaN,NaN,NaN,NaN,NaN,NaN,NaN,NaN,NaN,NaN
2008,2,13,733451,NaN,NaN,NaN,NaN,NaN,NaN,NaN,NaN,NaN,NaN
2008,2,14,733452,NaN,NaN,NaN,NaN,NaN,NaN,NaN,NaN,NaN,NaN
2008,2,15,733453,NaN,NaN,NaN,NaN,NaN,NaN,NaN,NaN,NaN,NaN
2008,2,16,733454,NaN,NaN,NaN,NaN,NaN,NaN,NaN,NaN,NaN,NaN
2008,2,17,733455,NaN,NaN,NaN,NaN,NaN,NaN,NaN,NaN,NaN,NaN
2008,2,18,733456,NaN,NaN,NaN,NaN,NaN,NaN,NaN,NaN,NaN,NaN
2008,2,19,733457,NaN,NaN,NaN,NaN,NaN,NaN,NaN,NaN,NaN,NaN
2008,2,20,733458,NaN,NaN,NaN,NaN,NaN,NaN,NaN,NaN,NaN,NaN
2008,2,21,733459,NaN,NaN,NaN,NaN,NaN,NaN,NaN,NaN,NaN,NaN
2008,2,22,733460,NaN,NaN,NaN,NaN,NaN,NaN,NaN,NaN,NaN,NaN
2008,2,23,733461,NaN,NaN,NaN,NaN,NaN,NaN,NaN,NaN,NaN,NaN
2008,2,24,733462,NaN,NaN,NaN,NaN,NaN,NaN,NaN,NaN,NaN,NaN
2008,2,25,733463,NaN,NaN,NaN,NaN,NaN,NaN,NaN,NaN,NaN,NaN
2008,2,26,733464,NaN,NaN,NaN,NaN,NaN,NaN,NaN,NaN,NaN,NaN
2008,2,27,733465,NaN,NaN,NaN,NaN,NaN,NaN,NaN,NaN,NaN,NaN
2008,2,28,733466,NaN,NaN,NaN,NaN,NaN,NaN,NaN,NaN,NaN,NaN
2008,2,29,733467,NaN,NaN,NaN,NaN,NaN,NaN,NaN,NaN,NaN,NaN
2008,3,1,733468,NaN,NaN,NaN,NaN,NaN,NaN,NaN,NaN,NaN,NaN
2008,3,2,733469,NaN,NaN,NaN,NaN,NaN,NaN,NaN,NaN,NaN,NaN
2008,3,3,733470,NaN,NaN,NaN,NaN,NaN,NaN,NaN,NaN,NaN,NaN
2008,3,4,733471,NaN,NaN,NaN,NaN,NaN,NaN,NaN,NaN,NaN,NaN
2008,3,5,733472,NaN,NaN,NaN,NaN,NaN,NaN,NaN,NaN,NaN,NaN
2008,3,6,733473,NaN,NaN,NaN,NaN,NaN,NaN,NaN,NaN,NaN,NaN
2008,3,7,733474,NaN,NaN,NaN,NaN,NaN,NaN,NaN,NaN,NaN,NaN
2008,3,8,733475,NaN,NaN,NaN,NaN,NaN,NaN,NaN,NaN,NaN,NaN
2008,3,9,733476,NaN,NaN,NaN,NaN,NaN,NaN,NaN,NaN,NaN,NaN
2008,3,10,733477,NaN,NaN,NaN,NaN,NaN,NaN,NaN,NaN,NaN,NaN
2008,3,11,733478,NaN,NaN,NaN,NaN,NaN,NaN,NaN,NaN,NaN,NaN
2008,3,12,733479,NaN,NaN,NaN,NaN,NaN,NaN,NaN,NaN,NaN,NaN
2008,3,13,733480,NaN,NaN,NaN,NaN,NaN,NaN,NaN,NaN,NaN,NaN
2008,3,14,733481,NaN,NaN,NaN,NaN,NaN,NaN,NaN,NaN,NaN,NaN
2008,3,15,733482,NaN,NaN,NaN,NaN,NaN,NaN,NaN,NaN,NaN,NaN
2008,3,16,733483,NaN,NaN,NaN,NaN,NaN,NaN,NaN,NaN,NaN,NaN
2008,3,17,733484,NaN,NaN,NaN,NaN,NaN,NaN,NaN,NaN,NaN,NaN
2008,3,18,733485,NaN,NaN,NaN,NaN,NaN,NaN,NaN,NaN,NaN,NaN
2008,3,19,733486,NaN,NaN,NaN,NaN,NaN,NaN,NaN,NaN,NaN,NaN
2008,3,20,733487,NaN,NaN,NaN,NaN,NaN,NaN,NaN,NaN,NaN,NaN
2008,3,21,733488,NaN,NaN,NaN,NaN,NaN,NaN,NaN,NaN,NaN,NaN
2008,3,22,733489,NaN,NaN,NaN,NaN,NaN,NaN,NaN,NaN,NaN,NaN
2008,3,23,733490,NaN,NaN,NaN,NaN,NaN,NaN,NaN,NaN,NaN,NaN
2008,3,24,733491,NaN,NaN,NaN,NaN,NaN,NaN,NaN,NaN,NaN,NaN
2008,3,25,733492,NaN,NaN,NaN,NaN,NaN,NaN,NaN,NaN,NaN,NaN
2008,3,26,733493,NaN,NaN,NaN,NaN,NaN,NaN,NaN,NaN,NaN,NaN
2008,3,27,733494,NaN,NaN,NaN,NaN,NaN,NaN,NaN,NaN,NaN,NaN
2008,3,28,733495,NaN,NaN,NaN,NaN,NaN,NaN,NaN,NaN,NaN,NaN
2008,3,29,733496,NaN,NaN,NaN,NaN,NaN,NaN,NaN,NaN,NaN,NaN
2008,3,30,733497,NaN,NaN,NaN,NaN,NaN,NaN,NaN,NaN,NaN,NaN
2008,3,31,733498,NaN,NaN,NaN,NaN,NaN,NaN,NaN,NaN,NaN,NaN
2008,4,1,733499,NaN,NaN,NaN,NaN,NaN,NaN,NaN,NaN,NaN,NaN
2008,4,2,733500,NaN,NaN,NaN,NaN,NaN,NaN,NaN,NaN,NaN,NaN
2008,4,3,733501,NaN,NaN,NaN,NaN,NaN,NaN,NaN,NaN,NaN,NaN
2008,4,4,733502,NaN,NaN,NaN,NaN,NaN,NaN,NaN,NaN,NaN,NaN
2008,4,5,733503,NaN,NaN,NaN,NaN,NaN,NaN,NaN,NaN,NaN,NaN
2008,4,6,733504,NaN,NaN,NaN,NaN,NaN,NaN,NaN,NaN,NaN,NaN
2008,4,7,733505,NaN,NaN,NaN,NaN,NaN,NaN,NaN,NaN,NaN,NaN
2008,4,8,733506,NaN,NaN,NaN,NaN,NaN,NaN,NaN,NaN,NaN,NaN
2008,4,9,733507,NaN,NaN,NaN,NaN,NaN,NaN,NaN,NaN,NaN,NaN
2008,4,10,733508,NaN,NaN,NaN,NaN,NaN,NaN,NaN,NaN,NaN,NaN
2008,4,11,733509,NaN,NaN,NaN,NaN,NaN,NaN,NaN,NaN,NaN,NaN
2008,4,12,733510,NaN,NaN,NaN,NaN,NaN,NaN,NaN,NaN,NaN,NaN
2008,4,13,733511,NaN,NaN,NaN,NaN,NaN,NaN,NaN,NaN,NaN,NaN
2008,4,14,733512,NaN,NaN,NaN,NaN,NaN,NaN,NaN,NaN,NaN,NaN
2008,4,15,733513,NaN,NaN,NaN,NaN,NaN,NaN,NaN,NaN,NaN,NaN
2008,4,16,733514,NaN,NaN,NaN,NaN,NaN,NaN,NaN,NaN,NaN,NaN
2008,4,17,733515,NaN,NaN,NaN,NaN,NaN,NaN,NaN,NaN,NaN,NaN
2008,4,18,733516,NaN,NaN,NaN,NaN,NaN,NaN,NaN,NaN,NaN,NaN
2008,4,19,733517,NaN,NaN,NaN,NaN,NaN,NaN,NaN,NaN,NaN,NaN
2008,4,20,733518,NaN,NaN,NaN,NaN,NaN,NaN,NaN,NaN,NaN,NaN
2008,4,21,733519,NaN,NaN,NaN,NaN,NaN,NaN,NaN,NaN,NaN,NaN
2008,4,22,733520,NaN,NaN,NaN,NaN,NaN,NaN,NaN,NaN,NaN,NaN
2008,4,23,733521,NaN,NaN,NaN,NaN,NaN,NaN,NaN,NaN,NaN,NaN
2008,4,24,733522,NaN,NaN,NaN,NaN,NaN,NaN,NaN,NaN,NaN,NaN
2008,4,25,733523,NaN,NaN,NaN,NaN,NaN,NaN,NaN,NaN,NaN,NaN
2008,4,26,733524,NaN,NaN,NaN,NaN,NaN,NaN,NaN,NaN,NaN,NaN
2008,4,27,733525,NaN,NaN,NaN,NaN,NaN,NaN,NaN,NaN,NaN,NaN
2008,4,28,733526,NaN,NaN,NaN,NaN,NaN,NaN,NaN,NaN,NaN,NaN
2008,4,29,733527,NaN,NaN,NaN,NaN,NaN,NaN,NaN,NaN,NaN,NaN
2008,4,30,733528,NaN,NaN,NaN,NaN,NaN,NaN,NaN,NaN,NaN,NaN
2008,5,1,733529,NaN,NaN,NaN,NaN,NaN,NaN,NaN,NaN,NaN,NaN
2008,5,2,733530,NaN,NaN,NaN,NaN,NaN,NaN,NaN,NaN,NaN,NaN
2008,5,3,733531,NaN,NaN,NaN,NaN,NaN,NaN,NaN,NaN,NaN,NaN
2008,5,4,733532,NaN,NaN,NaN,NaN,NaN,NaN,NaN,NaN,NaN,NaN
2008,5,5,733533,NaN,NaN,NaN,NaN,NaN,NaN,NaN,NaN,NaN,NaN
2008,5,6,733534,NaN,NaN,NaN,NaN,NaN,NaN,NaN,NaN,NaN,NaN
2008,5,7,733535,NaN,NaN,NaN,NaN,NaN,NaN,NaN,NaN,NaN,NaN
2008,5,8,733536,NaN,NaN,NaN,NaN,NaN,NaN,NaN,NaN,NaN,NaN
2008,5,9,733537,NaN,NaN,NaN,NaN,NaN,NaN,NaN,NaN,NaN,NaN
2008,5,10,733538,NaN,NaN,NaN,NaN,NaN,NaN,NaN,NaN,NaN,NaN
2008,5,11,733539,NaN,NaN,NaN,NaN,NaN,NaN,NaN,NaN,NaN,NaN
2008,5,12,733540,NaN,NaN,NaN,NaN,NaN,NaN,NaN,NaN,NaN,NaN
2008,5,13,733541,NaN,NaN,NaN,NaN,NaN,NaN,NaN,NaN,NaN,NaN
2008,5,14,733542,NaN,NaN,NaN,NaN,NaN,NaN,NaN,NaN,NaN,NaN
2008,5,15,733543,NaN,NaN,NaN,NaN,NaN,NaN,NaN,NaN,NaN,NaN
2008,5,16,733544,NaN,NaN,NaN,NaN,NaN,NaN,NaN,NaN,NaN,NaN
2008,5,17,733545,NaN,NaN,NaN,NaN,NaN,NaN,NaN,NaN,NaN,NaN
2008,5,18,733546,NaN,NaN,NaN,NaN,NaN,NaN,NaN,NaN,NaN,NaN
2008,5,19,733547,NaN,NaN,NaN,NaN,NaN,NaN,NaN,NaN,NaN,NaN
2008,5,20,733548,NaN,NaN,NaN,NaN,NaN,NaN,NaN,NaN,NaN,NaN
2008,5,21,733549,NaN,NaN,NaN,NaN,NaN,NaN,NaN,NaN,NaN,NaN
2008,5,22,733550,NaN,NaN,NaN,NaN,NaN,NaN,NaN,NaN,NaN,NaN
2008,5,23,733551,NaN,NaN,NaN,NaN,NaN,NaN,NaN,NaN,NaN,NaN
2008,5,24,733552,NaN,NaN,NaN,NaN,NaN,NaN,NaN,NaN,NaN,NaN
2008,5,25,733553,NaN,NaN,NaN,NaN,NaN,NaN,NaN,NaN,NaN,NaN
2008,5,26,733554,NaN,NaN,NaN,NaN,NaN,NaN,NaN,NaN,NaN,NaN
2008,5,27,733555,NaN,NaN,NaN,NaN,NaN,NaN,NaN,NaN,NaN,NaN
2008,5,28,733556,NaN,NaN,NaN,NaN,NaN,NaN,NaN,NaN,NaN,NaN
2008,5,29,733557,NaN,NaN,NaN,NaN,NaN,NaN,NaN,NaN,NaN,NaN
2008,5,30,733558,NaN,NaN,NaN,NaN,NaN,NaN,NaN,NaN,NaN,NaN
2008,5,31,733559,NaN,NaN,NaN,NaN,NaN,NaN,NaN,NaN,NaN,NaN
2008,6,1,733560,NaN,NaN,NaN,NaN,NaN,NaN,NaN,NaN,NaN,NaN
2008,6,2,733561,NaN,NaN,NaN,NaN,NaN,NaN,NaN,NaN,NaN,NaN
2008,6,3,733562,NaN,NaN,NaN,NaN,NaN,NaN,NaN,NaN,NaN,NaN
2008,6,4,733563,NaN,NaN,NaN,NaN,NaN,NaN,NaN,NaN,NaN,NaN
2008,6,5,733564,NaN,NaN,NaN,NaN,NaN,NaN,NaN,NaN,NaN,NaN
2008,6,6,733565,NaN,NaN,NaN,NaN,NaN,NaN,NaN,NaN,NaN,NaN
2008,6,7,733566,NaN,NaN,NaN,NaN,NaN,NaN,NaN,NaN,NaN,NaN
2008,6,8,733567,NaN,NaN,NaN,NaN,NaN,NaN,NaN,NaN,NaN,NaN
2008,6,9,733568,NaN,NaN,NaN,NaN,NaN,NaN,NaN,NaN,NaN,NaN
2008,6,10,733569,NaN,NaN,NaN,NaN,NaN,NaN,NaN,NaN,NaN,NaN
2008,6,11,733570,NaN,NaN,NaN,NaN,NaN,NaN,NaN,NaN,NaN,NaN
2008,6,12,733571,NaN,NaN,NaN,NaN,NaN,NaN,NaN,NaN,NaN,NaN
2008,6,13,733572,NaN,NaN,NaN,NaN,NaN,NaN,NaN,NaN,NaN,NaN
2008,6,14,733573,NaN,NaN,NaN,NaN,NaN,NaN,NaN,NaN,NaN,NaN
2008,6,15,733574,NaN,NaN,NaN,NaN,NaN,NaN,NaN,NaN,NaN,NaN
2008,6,16,733575,NaN,NaN,NaN,NaN,NaN,NaN,NaN,NaN,NaN,NaN
2008,6,17,733576,NaN,NaN,NaN,NaN,NaN,NaN,NaN,NaN,NaN,NaN
2008,6,18,733577,NaN,NaN,NaN,NaN,NaN,NaN,NaN,NaN,NaN,NaN
2008,6,19,733578,NaN,NaN,NaN,NaN,NaN,NaN,NaN,NaN,NaN,NaN
2008,6,20,733579,NaN,NaN,NaN,NaN,NaN,NaN,NaN,NaN,NaN,NaN
2008,6,21,733580,NaN,NaN,NaN,NaN,NaN,NaN,NaN,NaN,NaN,NaN
2008,6,22,733581,NaN,NaN,NaN,NaN,NaN,NaN,NaN,NaN,NaN,NaN
2008,6,23,733582,NaN,NaN,NaN,NaN,NaN,NaN,NaN,NaN,NaN,NaN
2008,6,24,733583,NaN,NaN,NaN,NaN,NaN,NaN,NaN,NaN,NaN,NaN
2008,6,25,733584,NaN,NaN,NaN,NaN,NaN,NaN,NaN,NaN,NaN,NaN
2008,6,26,733585,NaN,NaN,NaN,NaN,NaN,NaN,NaN,NaN,NaN,NaN
2008,6,27,733586,NaN,NaN,NaN,NaN,NaN,NaN,NaN,NaN,NaN,NaN
2008,6,28,733587,NaN,NaN,NaN,NaN,NaN,NaN,NaN,NaN,NaN,NaN
2008,6,29,733588,NaN,NaN,NaN,NaN,NaN,NaN,NaN,NaN,NaN,NaN
2008,6,30,733589,NaN,NaN,NaN,NaN,NaN,NaN,NaN,NaN,NaN,NaN
2008,7,1,733590,NaN,NaN,NaN,NaN,NaN,NaN,NaN,NaN,NaN,NaN
2008,7,2,733591,NaN,NaN,NaN,NaN,NaN,NaN,NaN,NaN,NaN,NaN
2008,7,3,733592,NaN,NaN,NaN,NaN,NaN,NaN,NaN,NaN,NaN,NaN
2008,7,4,733593,NaN,NaN,NaN,NaN,NaN,NaN,NaN,NaN,NaN,NaN
2008,7,5,733594,NaN,NaN,NaN,NaN,NaN,NaN,NaN,NaN,NaN,NaN
2008,7,6,733595,NaN,NaN,NaN,NaN,NaN,NaN,NaN,NaN,NaN,NaN
2008,7,7,733596,NaN,NaN,NaN,NaN,NaN,NaN,NaN,NaN,NaN,NaN
2008,7,8,733597,NaN,NaN,NaN,NaN,NaN,NaN,NaN,NaN,NaN,NaN
2008,7,9,733598,NaN,NaN,NaN,NaN,NaN,NaN,NaN,NaN,NaN,NaN
2008,7,10,733599,NaN,NaN,NaN,NaN,NaN,NaN,NaN,NaN,NaN,NaN
2008,7,11,733600,NaN,NaN,NaN,NaN,NaN,NaN,NaN,NaN,NaN,NaN
2008,7,12,733601,NaN,NaN,NaN,NaN,NaN,NaN,NaN,NaN,NaN,NaN
2008,7,13,733602,NaN,NaN,NaN,NaN,NaN,NaN,NaN,NaN,NaN,NaN
2008,7,14,733603,NaN,NaN,NaN,NaN,NaN,NaN,NaN,NaN,NaN,NaN
2008,7,15,733604,NaN,NaN,NaN,NaN,NaN,NaN,NaN,NaN,NaN,NaN
2008,7,16,733605,NaN,NaN,NaN,NaN,NaN,NaN,NaN,NaN,NaN,NaN
2008,7,17,733606,NaN,NaN,NaN,NaN,NaN,NaN,NaN,NaN,NaN,NaN
2008,7,18,733607,NaN,NaN,NaN,NaN,NaN,NaN,NaN,NaN,NaN,NaN
2008,7,19,733608,NaN,NaN,NaN,NaN,NaN,NaN,NaN,NaN,NaN,NaN
2008,7,20,733609,NaN,NaN,NaN,NaN,NaN,NaN,NaN,NaN,NaN,NaN
2008,7,21,733610,NaN,NaN,NaN,NaN,NaN,NaN,NaN,NaN,NaN,NaN
2008,7,22,733611,NaN,NaN,NaN,NaN,NaN,NaN,NaN,NaN,NaN,NaN
2008,7,23,733612,NaN,NaN,NaN,NaN,NaN,NaN,NaN,NaN,NaN,NaN
2008,7,24,733613,NaN,NaN,NaN,NaN,NaN,NaN,NaN,NaN,NaN,NaN
2008,7,25,733614,NaN,NaN,NaN,NaN,NaN,NaN,NaN,NaN,NaN,NaN
2008,7,26,733615,NaN,NaN,NaN,NaN,NaN,NaN,NaN,NaN,NaN,NaN
2008,7,27,733616,NaN,NaN,NaN,NaN,NaN,NaN,NaN,NaN,NaN,NaN
2008,7,28,733617,NaN,NaN,NaN,NaN,NaN,NaN,NaN,NaN,NaN,NaN
2008,7,29,733618,NaN,NaN,NaN,NaN,NaN,NaN,NaN,NaN,NaN,NaN
2008,7,30,733619,NaN,NaN,NaN,NaN,NaN,NaN,NaN,NaN,NaN,NaN
2008,7,31,733620,NaN,NaN,NaN,NaN,NaN,NaN,NaN,NaN,NaN,NaN
2008,8,1,733621,NaN,NaN,NaN,NaN,NaN,NaN,NaN,NaN,NaN,NaN
2008,8,2,733622,NaN,NaN,NaN,NaN,NaN,NaN,NaN,NaN,NaN,NaN
2008,8,3,733623,NaN,NaN,NaN,NaN,NaN,NaN,NaN,NaN,NaN,NaN
2008,8,4,733624,NaN,NaN,NaN,NaN,NaN,NaN,NaN,NaN,NaN,NaN
2008,8,5,733625,NaN,NaN,NaN,NaN,NaN,NaN,NaN,NaN,NaN,NaN
2008,8,6,733626,NaN,NaN,NaN,NaN,NaN,NaN,NaN,NaN,NaN,NaN
2008,8,7,733627,NaN,NaN,NaN,NaN,NaN,NaN,NaN,NaN,NaN,NaN
2008,8,8,733628,NaN,NaN,NaN,NaN,NaN,NaN,NaN,NaN,NaN,NaN
2008,8,9,733629,NaN,NaN,NaN,NaN,NaN,NaN,NaN,NaN,NaN,NaN
2008,8,10,733630,NaN,NaN,NaN,NaN,NaN,NaN,NaN,NaN,NaN,NaN
2008,8,11,733631,NaN,NaN,NaN,NaN,NaN,NaN,NaN,NaN,NaN,NaN
2008,8,12,733632,NaN,NaN,NaN,NaN,NaN,NaN,NaN,NaN,NaN,NaN
2008,8,13,733633,NaN,NaN,NaN,NaN,NaN,NaN,NaN,NaN,NaN,NaN
2008,8,14,733634,NaN,NaN,NaN,NaN,NaN,NaN,NaN,NaN,NaN,NaN
2008,8,15,733635,NaN,NaN,NaN,NaN,NaN,NaN,NaN,NaN,NaN,NaN
2008,8,16,733636,NaN,NaN,NaN,NaN,NaN,NaN,NaN,NaN,NaN,NaN
2008,8,17,733637,NaN,NaN,NaN,NaN,NaN,NaN,NaN,NaN,NaN,NaN
2008,8,18,733638,NaN,NaN,NaN,NaN,NaN,NaN,NaN,NaN,NaN,NaN
2008,8,19,733639,NaN,NaN,NaN,NaN,NaN,NaN,NaN,NaN,NaN,NaN
2008,8,20,733640,NaN,NaN,NaN,NaN,NaN,NaN,NaN,NaN,NaN,NaN
2008,8,21,733641,NaN,NaN,NaN,NaN,NaN,NaN,NaN,NaN,NaN,NaN
2008,8,22,733642,NaN,NaN,NaN,NaN,NaN,NaN,NaN,NaN,NaN,NaN
2008,8,23,733643,NaN,NaN,NaN,NaN,NaN,NaN,NaN,NaN,NaN,NaN
2008,8,24,733644,NaN,NaN,NaN,NaN,NaN,NaN,NaN,NaN,NaN,NaN
2008,8,25,733645,NaN,NaN,NaN,NaN,NaN,NaN,NaN,NaN,NaN,NaN
2008,8,26,733646,NaN,NaN,NaN,NaN,NaN,NaN,NaN,NaN,NaN,NaN
2008,8,27,733647,NaN,NaN,NaN,NaN,NaN,NaN,NaN,NaN,NaN,NaN
2008,8,28,733648,NaN,NaN,NaN,NaN,NaN,NaN,NaN,NaN,NaN,NaN
2008,8,29,733649,NaN,NaN,NaN,NaN,NaN,NaN,NaN,NaN,NaN,NaN
2008,8,30,733650,NaN,NaN,NaN,NaN,NaN,NaN,NaN,NaN,NaN,NaN
2008,8,31,733651,NaN,NaN,NaN,NaN,NaN,NaN,NaN,NaN,NaN,NaN
2008,9,1,733652,NaN,NaN,NaN,NaN,NaN,NaN,NaN,NaN,NaN,NaN
2008,9,2,733653,NaN,NaN,NaN,NaN,NaN,NaN,NaN,NaN,NaN,NaN
2008,9,3,733654,NaN,NaN,NaN,NaN,NaN,NaN,NaN,NaN,NaN,NaN
2008,9,4,733655,NaN,NaN,NaN,NaN,NaN,NaN,NaN,NaN,NaN,NaN
2008,9,5,733656,NaN,NaN,NaN,NaN,NaN,NaN,NaN,NaN,NaN,NaN
2008,9,6,733657,NaN,NaN,NaN,NaN,NaN,NaN,NaN,NaN,NaN,NaN
2008,9,7,733658,NaN,NaN,NaN,NaN,NaN,NaN,NaN,NaN,NaN,NaN
2008,9,8,733659,NaN,NaN,NaN,NaN,NaN,NaN,NaN,NaN,NaN,NaN
2008,9,9,733660,NaN,NaN,NaN,NaN,NaN,NaN,NaN,NaN,NaN,NaN
2008,9,10,733661,NaN,NaN,NaN,NaN,NaN,NaN,NaN,NaN,NaN,NaN
2008,9,11,733662,NaN,NaN,NaN,NaN,NaN,NaN,NaN,NaN,NaN,NaN
2008,9,12,733663,NaN,NaN,NaN,NaN,NaN,NaN,NaN,NaN,NaN,NaN
2008,9,13,733664,NaN,NaN,NaN,NaN,NaN,NaN,NaN,NaN,NaN,NaN
2008,9,14,733665,NaN,NaN,NaN,NaN,NaN,NaN,NaN,NaN,NaN,NaN
2008,9,15,733666,NaN,NaN,NaN,NaN,NaN,NaN,NaN,NaN,NaN,NaN
2008,9,16,733667,NaN,NaN,NaN,NaN,NaN,NaN,NaN,NaN,NaN,NaN
2008,9,17,733668,NaN,NaN,NaN,NaN,NaN,NaN,NaN,NaN,NaN,NaN
2008,9,18,733669,NaN,NaN,NaN,NaN,NaN,NaN,NaN,NaN,NaN,NaN
2008,9,19,733670,NaN,NaN,NaN,NaN,NaN,NaN,NaN,NaN,NaN,NaN
2008,9,20,733671,NaN,NaN,NaN,NaN,NaN,NaN,NaN,NaN,NaN,NaN
2008,9,21,733672,NaN,NaN,NaN,NaN,NaN,NaN,NaN,NaN,NaN,NaN
2008,9,22,733673,NaN,NaN,NaN,NaN,NaN,NaN,NaN,NaN,NaN,NaN
2008,9,23,733674,NaN,NaN,NaN,NaN,NaN,NaN,NaN,NaN,NaN,NaN
2008,9,24,733675,NaN,NaN,NaN,NaN,NaN,NaN,NaN,NaN,NaN,NaN
2008,9,25,733676,NaN,NaN,NaN,NaN,NaN,NaN,NaN,NaN,NaN,NaN
2008,9,26,733677,NaN,NaN,NaN,NaN,NaN,NaN,NaN,NaN,NaN,NaN
2008,9,27,733678,NaN,NaN,NaN,NaN,NaN,NaN,NaN,NaN,NaN,NaN
2008,9,28,733679,NaN,NaN,NaN,NaN,NaN,NaN,NaN,NaN,NaN,NaN
2008,9,29,733680,NaN,NaN,NaN,NaN,NaN,NaN,NaN,NaN,NaN,NaN
2008,9,30,733681,NaN,NaN,NaN,NaN,NaN,NaN,NaN,NaN,NaN,NaN
2008,10,1,733682,NaN,NaN,NaN,NaN,NaN,NaN,NaN,NaN,NaN,NaN
2008,10,2,733683,NaN,NaN,NaN,NaN,NaN,NaN,NaN,NaN,NaN,NaN
2008,10,3,733684,NaN,NaN,NaN,NaN,NaN,NaN,NaN,NaN,NaN,NaN
2008,10,4,733685,NaN,NaN,NaN,NaN,NaN,NaN,NaN,NaN,NaN,NaN
2008,10,5,733686,NaN,NaN,NaN,NaN,NaN,NaN,NaN,NaN,NaN,NaN
2008,10,6,733687,NaN,NaN,NaN,NaN,NaN,NaN,NaN,NaN,NaN,NaN
2008,10,7,733688,NaN,NaN,NaN,NaN,NaN,NaN,NaN,NaN,NaN,NaN
2008,10,8,733689,NaN,NaN,NaN,NaN,NaN,NaN,NaN,NaN,NaN,NaN
2008,10,9,733690,NaN,NaN,NaN,NaN,NaN,NaN,NaN,NaN,NaN,NaN
2008,10,10,733691,NaN,NaN,NaN,NaN,NaN,NaN,NaN,NaN,NaN,NaN
2008,10,11,733692,NaN,NaN,NaN,NaN,NaN,NaN,NaN,NaN,NaN,NaN
2008,10,12,733693,NaN,NaN,NaN,NaN,NaN,NaN,NaN,NaN,NaN,NaN
2008,10,13,733694,NaN,NaN,NaN,NaN,NaN,NaN,NaN,NaN,NaN,NaN
2008,10,14,733695,NaN,NaN,NaN,NaN,NaN,NaN,NaN,NaN,NaN,NaN
2008,10,15,733696,NaN,NaN,NaN,NaN,NaN,NaN,NaN,NaN,NaN,NaN
2008,10,16,733697,NaN,NaN,NaN,NaN,NaN,NaN,NaN,NaN,NaN,NaN
2008,10,17,733698,NaN,NaN,NaN,NaN,NaN,NaN,NaN,NaN,NaN,NaN
2008,10,18,733699,NaN,NaN,NaN,NaN,NaN,NaN,NaN,NaN,NaN,NaN
2008,10,19,733700,NaN,NaN,NaN,NaN,NaN,NaN,NaN,NaN,NaN,NaN
2008,10,20,733701,NaN,NaN,NaN,NaN,NaN,NaN,NaN,NaN,NaN,NaN
2008,10,21,733702,NaN,NaN,NaN,NaN,NaN,NaN,NaN,NaN,NaN,NaN
2008,10,22,733703,NaN,NaN,NaN,NaN,NaN,NaN,NaN,NaN,NaN,NaN
2008,10,23,733704,NaN,NaN,NaN,NaN,NaN,NaN,NaN,NaN,NaN,NaN
2008,10,24,733705,NaN,NaN,NaN,NaN,NaN,NaN,NaN,NaN,NaN,NaN
2008,10,25,733706,NaN,NaN,NaN,NaN,NaN,NaN,NaN,NaN,NaN,NaN
2008,10,26,733707,NaN,NaN,NaN,NaN,NaN,NaN,NaN,NaN,NaN,NaN
2008,10,27,733708,NaN,NaN,NaN,NaN,NaN,NaN,NaN,NaN,NaN,NaN
2008,10,28,733709,NaN,NaN,NaN,NaN,NaN,NaN,NaN,NaN,NaN,NaN
2008,10,29,733710,NaN,NaN,NaN,NaN,NaN,NaN,NaN,NaN,NaN,NaN
2008,10,30,733711,NaN,NaN,NaN,NaN,NaN,NaN,NaN,NaN,NaN,NaN
2008,10,31,733712,NaN,NaN,NaN,NaN,NaN,NaN,NaN,NaN,NaN,NaN
2008,11,1,733713,NaN,NaN,NaN,NaN,NaN,NaN,NaN,NaN,NaN,NaN
2008,11,2,733714,NaN,NaN,NaN,NaN,NaN,NaN,NaN,NaN,NaN,NaN
2008,11,3,733715,NaN,NaN,NaN,NaN,NaN,NaN,NaN,NaN,NaN,NaN
2008,11,4,733716,NaN,NaN,NaN,NaN,NaN,NaN,NaN,NaN,NaN,NaN
2008,11,5,733717,NaN,NaN,NaN,NaN,NaN,NaN,NaN,NaN,NaN,NaN
2008,11,6,733718,NaN,NaN,NaN,NaN,NaN,NaN,NaN,NaN,NaN,NaN
2008,11,7,733719,NaN,NaN,NaN,NaN,NaN,NaN,NaN,NaN,NaN,NaN
2008,11,8,733720,NaN,NaN,NaN,NaN,NaN,NaN,NaN,NaN,NaN,NaN
2008,11,9,733721,NaN,NaN,NaN,NaN,NaN,NaN,NaN,NaN,NaN,NaN
2008,11,10,733722,NaN,NaN,NaN,NaN,NaN,NaN,NaN,NaN,NaN,NaN
2008,11,11,733723,NaN,NaN,NaN,NaN,NaN,NaN,NaN,NaN,NaN,NaN
2008,11,12,733724,NaN,NaN,NaN,NaN,NaN,NaN,NaN,NaN,NaN,NaN
2008,11,13,733725,NaN,NaN,NaN,NaN,NaN,NaN,NaN,NaN,NaN,NaN
2008,11,14,733726,NaN,NaN,NaN,NaN,NaN,NaN,NaN,NaN,NaN,NaN
2008,11,15,733727,NaN,NaN,NaN,NaN,NaN,NaN,NaN,NaN,NaN,NaN
2008,11,16,733728,NaN,NaN,NaN,NaN,NaN,NaN,NaN,NaN,NaN,NaN
2008,11,17,733729,NaN,NaN,NaN,NaN,NaN,NaN,NaN,NaN,NaN,NaN
2008,11,18,733730,NaN,NaN,NaN,NaN,NaN,NaN,NaN,NaN,NaN,NaN
2008,11,19,733731,NaN,NaN,NaN,NaN,NaN,NaN,NaN,NaN,NaN,NaN
2008,11,20,733732,NaN,NaN,NaN,NaN,NaN,NaN,NaN,NaN,NaN,NaN
2008,11,21,733733,NaN,NaN,NaN,NaN,NaN,NaN,NaN,NaN,NaN,NaN
2008,11,22,733734,NaN,NaN,NaN,NaN,NaN,NaN,NaN,NaN,NaN,NaN
2008,11,23,733735,NaN,NaN,NaN,NaN,NaN,NaN,NaN,NaN,NaN,NaN
2008,11,24,733736,NaN,NaN,NaN,NaN,NaN,NaN,NaN,NaN,NaN,NaN
2008,11,25,733737,NaN,NaN,NaN,NaN,NaN,NaN,NaN,NaN,NaN,NaN
2008,11,26,733738,NaN,NaN,NaN,NaN,NaN,NaN,NaN,NaN,NaN,NaN
2008,11,27,733739,NaN,NaN,NaN,NaN,NaN,NaN,NaN,NaN,NaN,NaN
2008,11,28,733740,NaN,NaN,NaN,NaN,NaN,NaN,NaN,NaN,NaN,NaN
2008,11,29,733741,NaN,NaN,NaN,NaN,NaN,NaN,NaN,NaN,NaN,NaN
2008,11,30,733742,NaN,NaN,NaN,NaN,NaN,NaN,NaN,NaN,NaN,NaN
2008,12,1,733743,NaN,NaN,NaN,NaN,NaN,NaN,NaN,NaN,NaN,NaN
2008,12,2,733744,NaN,NaN,NaN,NaN,NaN,NaN,NaN,NaN,NaN,NaN
2008,12,3,733745,NaN,NaN,NaN,NaN,NaN,NaN,NaN,NaN,NaN,NaN
2008,12,4,733746,NaN,NaN,NaN,NaN,NaN,NaN,NaN,NaN,NaN,NaN
2008,12,5,733747,NaN,NaN,NaN,NaN,NaN,NaN,NaN,NaN,NaN,NaN
2008,12,6,733748,NaN,NaN,NaN,NaN,NaN,NaN,NaN,NaN,NaN,NaN
2008,12,7,733749,NaN,NaN,NaN,NaN,NaN,NaN,NaN,NaN,NaN,NaN
2008,12,8,733750,NaN,NaN,NaN,NaN,NaN,NaN,NaN,NaN,NaN,NaN
2008,12,9,733751,NaN,NaN,NaN,NaN,NaN,NaN,NaN,NaN,NaN,NaN
2008,12,10,733752,NaN,NaN,NaN,NaN,NaN,NaN,NaN,NaN,NaN,NaN
2008,12,11,733753,NaN,NaN,NaN,NaN,NaN,NaN,NaN,NaN,NaN,NaN
2008,12,12,733754,NaN,NaN,NaN,NaN,NaN,NaN,NaN,NaN,NaN,NaN
2008,12,13,733755,NaN,NaN,NaN,NaN,NaN,NaN,NaN,NaN,NaN,NaN
2008,12,14,733756,NaN,NaN,NaN,NaN,NaN,NaN,NaN,NaN,NaN,NaN
2008,12,15,733757,NaN,NaN,NaN,NaN,NaN,NaN,NaN,NaN,NaN,NaN
2008,12,16,733758,NaN,NaN,NaN,NaN,NaN,NaN,NaN,NaN,NaN,NaN
2008,12,17,733759,NaN,NaN,NaN,NaN,NaN,NaN,NaN,NaN,NaN,NaN
2008,12,18,733760,NaN,NaN,NaN,NaN,NaN,NaN,NaN,NaN,NaN,NaN
2008,12,19,733761,NaN,NaN,NaN,NaN,NaN,NaN,NaN,NaN,NaN,NaN
2008,12,20,733762,NaN,NaN,NaN,NaN,NaN,NaN,NaN,NaN,NaN,NaN
2008,12,21,733763,NaN,NaN,NaN,NaN,NaN,NaN,NaN,NaN,NaN,NaN
2008,12,22,733764,NaN,NaN,NaN,NaN,NaN,NaN,NaN,NaN,NaN,NaN
2008,12,23,733765,NaN,NaN,NaN,NaN,NaN,NaN,NaN,NaN,NaN,NaN
2008,12,24,733766,NaN,NaN,NaN,NaN,NaN,NaN,NaN,NaN,NaN,NaN
2008,12,25,733767,NaN,NaN,NaN,NaN,NaN,NaN,NaN,NaN,NaN,NaN
2008,12,26,733768,NaN,NaN,NaN,NaN,NaN,NaN,NaN,NaN,NaN,NaN
2008,12,27,733769,NaN,NaN,NaN,NaN,NaN,NaN,NaN,NaN,NaN,NaN
2008,12,28,733770,NaN,NaN,NaN,NaN,NaN,NaN,NaN,NaN,NaN,NaN
2008,12,29,733771,NaN,NaN,NaN,NaN,NaN,NaN,NaN,NaN,NaN,NaN
2008,12,30,733772,NaN,NaN,NaN,NaN,NaN,NaN,NaN,NaN,NaN,NaN
2008,12,31,733773,NaN,NaN,NaN,NaN,NaN,NaN,NaN,NaN,NaN,NaN
2009,1,1,733774,NaN,NaN,NaN,NaN,NaN,NaN,NaN,NaN,NaN,NaN
2009,1,2,733775,NaN,NaN,NaN,NaN,NaN,NaN,NaN,NaN,NaN,NaN
2009,1,3,733776,NaN,NaN,NaN,NaN,NaN,NaN,NaN,NaN,NaN,NaN
2009,1,4,733777,NaN,NaN,NaN,NaN,NaN,NaN,NaN,NaN,NaN,NaN
2009,1,5,733778,NaN,NaN,NaN,NaN,NaN,NaN,NaN,NaN,NaN,NaN
2009,1,6,733779,NaN,NaN,NaN,NaN,NaN,NaN,NaN,NaN,NaN,NaN
2009,1,7,733780,NaN,NaN,NaN,NaN,NaN,NaN,NaN,NaN,NaN,NaN
2009,1,8,733781,NaN,NaN,NaN,NaN,NaN,NaN,NaN,NaN,NaN,NaN
2009,1,9,733782,NaN,NaN,NaN,NaN,NaN,NaN,NaN,NaN,NaN,NaN
2009,1,10,733783,NaN,NaN,NaN,NaN,NaN,NaN,NaN,NaN,NaN,NaN
2009,1,11,733784,NaN,NaN,NaN,NaN,NaN,NaN,NaN,NaN,NaN,NaN
2009,1,12,733785,NaN,NaN,NaN,NaN,NaN,NaN,NaN,NaN,NaN,NaN
2009,1,13,733786,NaN,NaN,NaN,NaN,NaN,NaN,NaN,NaN,NaN,NaN
2009,1,14,733787,NaN,NaN,NaN,NaN,NaN,NaN,NaN,NaN,NaN,NaN
2009,1,15,733788,NaN,NaN,NaN,NaN,NaN,NaN,NaN,NaN,NaN,NaN
2009,1,16,733789,NaN,NaN,NaN,NaN,NaN,NaN,NaN,NaN,NaN,NaN
2009,1,17,733790,NaN,NaN,NaN,NaN,NaN,NaN,NaN,NaN,NaN,NaN
2009,1,18,733791,NaN,NaN,NaN,NaN,NaN,NaN,NaN,NaN,NaN,NaN
2009,1,19,733792,NaN,NaN,NaN,NaN,NaN,NaN,NaN,NaN,NaN,NaN
2009,1,20,733793,NaN,NaN,NaN,NaN,NaN,NaN,NaN,NaN,NaN,NaN
2009,1,21,733794,NaN,NaN,NaN,NaN,NaN,NaN,NaN,NaN,NaN,NaN
2009,1,22,733795,NaN,NaN,NaN,NaN,NaN,NaN,NaN,NaN,NaN,NaN
2009,1,23,733796,NaN,NaN,NaN,NaN,NaN,NaN,NaN,NaN,NaN,NaN
2009,1,24,733797,NaN,NaN,NaN,NaN,NaN,NaN,NaN,NaN,NaN,NaN
2009,1,25,733798,NaN,NaN,NaN,NaN,NaN,NaN,NaN,NaN,NaN,NaN
2009,1,26,733799,NaN,NaN,NaN,NaN,NaN,NaN,NaN,NaN,NaN,NaN
2009,1,27,733800,NaN,NaN,NaN,NaN,NaN,NaN,NaN,NaN,NaN,NaN
2009,1,28,733801,NaN,NaN,NaN,NaN,NaN,NaN,NaN,NaN,NaN,NaN
2009,1,29,733802,NaN,NaN,NaN,NaN,NaN,NaN,NaN,NaN,NaN,NaN
2009,1,30,733803,NaN,NaN,NaN,NaN,NaN,NaN,NaN,NaN,NaN,NaN
2009,1,31,733804,NaN,NaN,NaN,NaN,NaN,NaN,NaN,NaN,NaN,NaN
2009,2,1,733805,NaN,NaN,NaN,NaN,NaN,NaN,NaN,NaN,NaN,NaN
2009,2,2,733806,NaN,NaN,NaN,NaN,NaN,NaN,NaN,NaN,NaN,NaN
2009,2,3,733807,NaN,NaN,NaN,NaN,NaN,NaN,NaN,NaN,NaN,NaN
2009,2,4,733808,NaN,NaN,NaN,NaN,NaN,NaN,NaN,NaN,NaN,NaN
2009,2,5,733809,NaN,NaN,NaN,NaN,NaN,NaN,NaN,NaN,NaN,NaN
2009,2,6,733810,NaN,NaN,NaN,NaN,NaN,NaN,NaN,NaN,NaN,NaN
2009,2,7,733811,NaN,NaN,NaN,NaN,NaN,NaN,NaN,NaN,NaN,NaN
2009,2,8,733812,NaN,NaN,NaN,NaN,NaN,NaN,NaN,NaN,NaN,NaN
2009,2,9,733813,NaN,NaN,NaN,NaN,NaN,NaN,NaN,NaN,NaN,NaN
2009,2,10,733814,NaN,NaN,NaN,NaN,NaN,NaN,NaN,NaN,NaN,NaN
2009,2,11,733815,NaN,NaN,NaN,NaN,NaN,NaN,NaN,NaN,NaN,NaN
2009,2,12,733816,NaN,NaN,NaN,NaN,NaN,NaN,NaN,NaN,NaN,NaN
2009,2,13,733817,NaN,NaN,NaN,NaN,NaN,NaN,NaN,NaN,NaN,NaN
2009,2,14,733818,NaN,NaN,NaN,NaN,NaN,NaN,NaN,NaN,NaN,NaN
2009,2,15,733819,NaN,NaN,NaN,NaN,NaN,NaN,NaN,NaN,NaN,NaN
2009,2,16,733820,NaN,NaN,NaN,NaN,NaN,NaN,NaN,NaN,NaN,NaN
2009,2,17,733821,NaN,NaN,NaN,NaN,NaN,NaN,NaN,NaN,NaN,NaN
2009,2,18,733822,NaN,NaN,NaN,NaN,NaN,NaN,NaN,NaN,NaN,NaN
2009,2,19,733823,NaN,NaN,NaN,NaN,NaN,NaN,NaN,NaN,NaN,NaN
2009,2,20,733824,NaN,NaN,NaN,NaN,NaN,NaN,NaN,NaN,NaN,NaN
2009,2,21,733825,NaN,NaN,NaN,NaN,NaN,NaN,NaN,NaN,NaN,NaN
2009,2,22,733826,NaN,NaN,NaN,NaN,NaN,NaN,NaN,NaN,NaN,NaN
2009,2,23,733827,NaN,NaN,NaN,NaN,NaN,NaN,NaN,NaN,NaN,NaN
2009,2,24,733828,NaN,NaN,NaN,NaN,NaN,NaN,NaN,NaN,NaN,NaN
2009,2,25,733829,NaN,NaN,NaN,NaN,NaN,NaN,NaN,NaN,NaN,NaN
2009,2,26,733830,NaN,NaN,NaN,NaN,NaN,NaN,NaN,NaN,NaN,NaN
2009,2,27,733831,NaN,NaN,NaN,NaN,NaN,NaN,NaN,NaN,NaN,NaN
2009,2,28,733832,NaN,NaN,NaN,NaN,NaN,NaN,NaN,NaN,NaN,NaN
2009,3,1,733833,NaN,NaN,NaN,NaN,NaN,NaN,NaN,NaN,NaN,NaN
2009,3,2,733834,NaN,NaN,NaN,NaN,NaN,NaN,NaN,NaN,NaN,NaN
2009,3,3,733835,NaN,NaN,NaN,NaN,NaN,NaN,NaN,NaN,NaN,NaN
2009,3,4,733836,NaN,NaN,NaN,NaN,NaN,NaN,NaN,NaN,NaN,NaN
2009,3,5,733837,NaN,NaN,NaN,NaN,NaN,NaN,NaN,NaN,NaN,NaN
2009,3,6,733838,NaN,NaN,NaN,NaN,NaN,NaN,NaN,NaN,NaN,NaN
2009,3,7,733839,NaN,NaN,NaN,NaN,NaN,NaN,NaN,NaN,NaN,NaN
2009,3,8,733840,NaN,NaN,NaN,NaN,NaN,NaN,NaN,NaN,NaN,NaN
2009,3,9,733841,NaN,NaN,NaN,NaN,NaN,NaN,NaN,NaN,NaN,NaN
2009,3,10,733842,NaN,NaN,NaN,NaN,NaN,NaN,NaN,NaN,NaN,NaN
2009,3,11,733843,NaN,NaN,NaN,NaN,NaN,NaN,NaN,NaN,NaN,NaN
2009,3,12,733844,NaN,NaN,NaN,NaN,NaN,NaN,NaN,NaN,NaN,NaN
2009,3,13,733845,NaN,NaN,NaN,NaN,NaN,NaN,NaN,NaN,NaN,NaN
2009,3,14,733846,NaN,NaN,NaN,NaN,NaN,NaN,NaN,NaN,NaN,NaN
2009,3,15,733847,NaN,NaN,NaN,NaN,NaN,NaN,NaN,NaN,NaN,NaN
2009,3,16,733848,NaN,NaN,NaN,NaN,NaN,NaN,NaN,NaN,NaN,NaN
2009,3,17,733849,NaN,NaN,NaN,NaN,NaN,NaN,NaN,NaN,NaN,NaN
2009,3,18,733850,NaN,NaN,NaN,NaN,NaN,NaN,NaN,NaN,NaN,NaN
2009,3,19,733851,NaN,NaN,NaN,NaN,NaN,NaN,NaN,NaN,NaN,NaN
2009,3,20,733852,NaN,NaN,NaN,NaN,NaN,NaN,NaN,NaN,NaN,NaN
2009,3,21,733853,NaN,NaN,NaN,NaN,NaN,NaN,NaN,NaN,NaN,NaN
2009,3,22,733854,NaN,NaN,NaN,NaN,NaN,NaN,NaN,NaN,NaN,NaN
2009,3,23,733855,NaN,NaN,NaN,NaN,NaN,NaN,NaN,NaN,NaN,NaN
2009,3,24,733856,NaN,NaN,NaN,NaN,NaN,NaN,NaN,NaN,NaN,NaN
2009,3,25,733857,NaN,NaN,NaN,NaN,NaN,NaN,NaN,NaN,NaN,NaN
2009,3,26,733858,NaN,NaN,NaN,NaN,NaN,NaN,NaN,NaN,NaN,NaN
2009,3,27,733859,NaN,NaN,NaN,NaN,NaN,NaN,NaN,NaN,NaN,NaN
2009,3,28,733860,NaN,NaN,NaN,NaN,NaN,NaN,NaN,NaN,NaN,NaN
2009,3,29,733861,NaN,NaN,NaN,NaN,NaN,NaN,NaN,NaN,NaN,NaN
2009,3,30,733862,NaN,NaN,NaN,NaN,NaN,NaN,NaN,NaN,NaN,NaN
2009,3,31,733863,NaN,NaN,NaN,NaN,NaN,NaN,NaN,NaN,NaN,NaN
2009,4,1,733864,NaN,NaN,NaN,NaN,NaN,NaN,NaN,NaN,NaN,NaN
2009,4,2,733865,NaN,NaN,NaN,NaN,NaN,NaN,NaN,NaN,NaN,NaN
2009,4,3,733866,NaN,NaN,NaN,NaN,NaN,NaN,NaN,NaN,NaN,NaN
2009,4,4,733867,NaN,NaN,NaN,NaN,NaN,NaN,NaN,NaN,NaN,NaN
2009,4,5,733868,NaN,NaN,NaN,NaN,NaN,NaN,NaN,NaN,NaN,NaN
2009,4,6,733869,NaN,NaN,NaN,NaN,NaN,NaN,NaN,NaN,NaN,NaN
2009,4,7,733870,NaN,NaN,NaN,NaN,NaN,NaN,NaN,NaN,NaN,NaN
2009,4,8,733871,NaN,NaN,NaN,NaN,NaN,NaN,NaN,NaN,NaN,NaN
2009,4,9,733872,NaN,NaN,NaN,NaN,NaN,NaN,NaN,NaN,NaN,NaN
2009,4,10,733873,NaN,NaN,NaN,NaN,NaN,NaN,NaN,NaN,NaN,NaN
2009,4,11,733874,NaN,NaN,NaN,NaN,NaN,NaN,NaN,NaN,NaN,NaN
2009,4,12,733875,NaN,NaN,NaN,NaN,NaN,NaN,NaN,NaN,NaN,NaN
2009,4,13,733876,NaN,NaN,NaN,NaN,NaN,NaN,NaN,NaN,NaN,NaN
2009,4,14,733877,NaN,NaN,NaN,NaN,NaN,NaN,NaN,NaN,NaN,NaN
2009,4,15,733878,NaN,NaN,NaN,NaN,NaN,NaN,NaN,NaN,NaN,NaN
2009,4,16,733879,NaN,NaN,NaN,NaN,NaN,NaN,NaN,NaN,NaN,NaN
2009,4,17,733880,NaN,NaN,NaN,NaN,NaN,NaN,NaN,NaN,NaN,NaN
2009,4,18,733881,NaN,NaN,NaN,NaN,NaN,NaN,NaN,NaN,NaN,NaN
2009,4,19,733882,NaN,NaN,NaN,NaN,NaN,NaN,NaN,NaN,NaN,NaN
2009,4,20,733883,NaN,NaN,NaN,NaN,NaN,NaN,NaN,NaN,NaN,NaN
2009,4,21,733884,NaN,NaN,NaN,NaN,NaN,NaN,NaN,NaN,NaN,NaN
2009,4,22,733885,NaN,NaN,NaN,NaN,NaN,NaN,NaN,NaN,NaN,NaN
2009,4,23,733886,NaN,NaN,NaN,NaN,NaN,NaN,NaN,NaN,NaN,NaN
2009,4,24,733887,NaN,NaN,NaN,NaN,NaN,NaN,NaN,NaN,NaN,NaN
2009,4,25,733888,NaN,NaN,NaN,NaN,NaN,NaN,NaN,NaN,NaN,NaN
2009,4,26,733889,NaN,NaN,NaN,NaN,NaN,NaN,NaN,NaN,NaN,NaN
2009,4,27,733890,NaN,NaN,NaN,NaN,NaN,NaN,NaN,NaN,NaN,NaN
2009,4,28,733891,NaN,NaN,NaN,NaN,NaN,NaN,NaN,NaN,NaN,NaN
2009,4,29,733892,NaN,NaN,NaN,NaN,NaN,NaN,NaN,NaN,NaN,NaN
2009,4,30,733893,NaN,NaN,NaN,NaN,NaN,NaN,NaN,NaN,NaN,NaN
2009,5,1,733894,NaN,NaN,NaN,NaN,NaN,NaN,NaN,NaN,NaN,NaN
2009,5,2,733895,NaN,NaN,NaN,NaN,NaN,NaN,NaN,NaN,NaN,NaN
2009,5,3,733896,NaN,NaN,NaN,NaN,NaN,NaN,NaN,NaN,NaN,NaN
2009,5,4,733897,NaN,NaN,NaN,NaN,NaN,NaN,NaN,NaN,NaN,NaN
2009,5,5,733898,NaN,NaN,NaN,NaN,NaN,NaN,NaN,NaN,NaN,NaN
2009,5,6,733899,NaN,NaN,NaN,NaN,NaN,NaN,NaN,NaN,NaN,NaN
2009,5,7,733900,NaN,NaN,NaN,NaN,NaN,NaN,NaN,NaN,NaN,NaN
2009,5,8,733901,NaN,NaN,NaN,NaN,NaN,NaN,NaN,NaN,NaN,NaN
2009,5,9,733902,NaN,NaN,NaN,NaN,NaN,NaN,NaN,NaN,NaN,NaN
2009,5,10,733903,NaN,NaN,NaN,NaN,NaN,NaN,NaN,NaN,NaN,NaN
2009,5,11,733904,NaN,NaN,NaN,NaN,NaN,NaN,NaN,NaN,NaN,NaN
2009,5,12,733905,NaN,NaN,NaN,NaN,NaN,NaN,NaN,NaN,NaN,NaN
2009,5,13,733906,NaN,NaN,NaN,NaN,NaN,NaN,NaN,NaN,NaN,NaN
2009,5,14,733907,NaN,NaN,NaN,NaN,NaN,NaN,NaN,NaN,NaN,NaN
2009,5,15,733908,NaN,NaN,NaN,NaN,NaN,NaN,NaN,NaN,NaN,NaN
2009,5,16,733909,NaN,NaN,NaN,NaN,NaN,NaN,NaN,NaN,NaN,NaN
2009,5,17,733910,NaN,NaN,NaN,NaN,NaN,NaN,NaN,NaN,NaN,NaN
2009,5,18,733911,NaN,NaN,NaN,NaN,NaN,NaN,NaN,NaN,NaN,NaN
2009,5,19,733912,NaN,NaN,NaN,NaN,NaN,NaN,NaN,NaN,NaN,NaN
2009,5,20,733913,NaN,NaN,NaN,NaN,NaN,NaN,NaN,NaN,NaN,NaN
2009,5,21,733914,NaN,NaN,NaN,NaN,NaN,NaN,NaN,NaN,NaN,NaN
2009,5,22,733915,NaN,NaN,NaN,NaN,NaN,NaN,NaN,NaN,NaN,NaN
2009,5,23,733916,NaN,NaN,NaN,NaN,NaN,NaN,NaN,NaN,NaN,NaN
2009,5,24,733917,NaN,NaN,NaN,NaN,NaN,NaN,NaN,NaN,NaN,NaN
2009,5,25,733918,NaN,NaN,NaN,NaN,NaN,NaN,NaN,NaN,NaN,NaN
2009,5,26,733919,NaN,NaN,NaN,NaN,NaN,NaN,NaN,NaN,NaN,NaN
2009,5,27,733920,NaN,NaN,NaN,NaN,NaN,NaN,NaN,NaN,NaN,NaN
2009,5,28,733921,NaN,NaN,NaN,NaN,NaN,NaN,NaN,NaN,NaN,NaN
2009,5,29,733922,NaN,NaN,NaN,NaN,NaN,NaN,NaN,NaN,NaN,NaN
2009,5,30,733923,NaN,NaN,NaN,NaN,NaN,NaN,NaN,NaN,NaN,NaN
2009,5,31,733924,NaN,NaN,NaN,NaN,NaN,NaN,NaN,NaN,NaN,NaN
2009,6,1,733925,NaN,NaN,NaN,NaN,NaN,NaN,NaN,NaN,NaN,NaN
2009,6,2,733926,NaN,NaN,NaN,NaN,NaN,NaN,NaN,NaN,NaN,NaN
2009,6,3,733927,NaN,NaN,NaN,NaN,NaN,NaN,NaN,NaN,NaN,NaN
2009,6,4,733928,NaN,NaN,NaN,NaN,NaN,NaN,NaN,NaN,NaN,NaN
2009,6,5,733929,NaN,NaN,NaN,NaN,NaN,NaN,NaN,NaN,NaN,NaN
2009,6,6,733930,NaN,NaN,NaN,NaN,NaN,NaN,NaN,NaN,NaN,NaN
2009,6,7,733931,NaN,NaN,NaN,NaN,NaN,NaN,NaN,NaN,NaN,NaN
2009,6,8,733932,NaN,NaN,NaN,NaN,NaN,NaN,NaN,NaN,NaN,NaN
2009,6,9,733933,NaN,NaN,NaN,NaN,NaN,NaN,NaN,NaN,NaN,NaN
2009,6,10,733934,NaN,NaN,NaN,NaN,NaN,NaN,NaN,NaN,NaN,NaN
2009,6,11,733935,NaN,NaN,NaN,NaN,NaN,NaN,NaN,NaN,NaN,NaN
2009,6,12,733936,NaN,NaN,NaN,NaN,NaN,NaN,NaN,NaN,NaN,NaN
2009,6,13,733937,NaN,NaN,NaN,NaN,NaN,NaN,NaN,NaN,NaN,NaN
2009,6,14,733938,NaN,NaN,NaN,NaN,NaN,NaN,NaN,NaN,NaN,NaN
2009,6,15,733939,NaN,NaN,NaN,NaN,NaN,NaN,NaN,NaN,NaN,NaN
2009,6,16,733940,NaN,NaN,NaN,NaN,NaN,NaN,NaN,NaN,NaN,NaN
2009,6,17,733941,NaN,NaN,NaN,NaN,NaN,NaN,NaN,NaN,NaN,NaN
2009,6,18,733942,NaN,NaN,NaN,NaN,NaN,NaN,NaN,NaN,NaN,NaN
2009,6,19,733943,NaN,NaN,NaN,NaN,NaN,NaN,NaN,NaN,NaN,NaN
2009,6,20,733944,NaN,NaN,NaN,NaN,NaN,NaN,NaN,NaN,NaN,NaN
2009,6,21,733945,NaN,NaN,NaN,NaN,NaN,NaN,NaN,NaN,NaN,NaN
2009,6,22,733946,NaN,NaN,NaN,NaN,NaN,NaN,NaN,NaN,NaN,NaN
2009,6,23,733947,NaN,NaN,NaN,NaN,NaN,NaN,NaN,NaN,NaN,NaN
2009,6,24,733948,NaN,NaN,NaN,NaN,NaN,NaN,NaN,NaN,NaN,NaN
2009,6,25,733949,NaN,NaN,NaN,NaN,NaN,NaN,NaN,NaN,NaN,NaN
2009,6,26,733950,NaN,NaN,NaN,NaN,NaN,NaN,NaN,NaN,NaN,NaN
2009,6,27,733951,NaN,NaN,NaN,NaN,NaN,NaN,NaN,NaN,NaN,NaN
2009,6,28,733952,NaN,NaN,NaN,NaN,NaN,NaN,NaN,NaN,NaN,NaN
2009,6,29,733953,NaN,NaN,NaN,NaN,NaN,NaN,NaN,NaN,NaN,NaN
2009,6,30,733954,NaN,NaN,NaN,NaN,NaN,NaN,NaN,NaN,NaN,NaN
2009,7,1,733955,NaN,NaN,NaN,NaN,NaN,NaN,NaN,NaN,NaN,NaN
2009,7,2,733956,NaN,NaN,NaN,NaN,NaN,NaN,NaN,NaN,NaN,NaN
2009,7,3,733957,NaN,NaN,NaN,NaN,NaN,NaN,NaN,NaN,NaN,NaN
2009,7,4,733958,NaN,NaN,NaN,NaN,NaN,NaN,NaN,NaN,NaN,NaN
2009,7,5,733959,NaN,NaN,NaN,NaN,NaN,NaN,NaN,NaN,NaN,NaN
2009,7,6,733960,NaN,NaN,NaN,NaN,NaN,NaN,NaN,NaN,NaN,NaN
2009,7,7,733961,NaN,NaN,NaN,NaN,NaN,NaN,NaN,NaN,NaN,NaN
2009,7,8,733962,NaN,NaN,NaN,NaN,NaN,NaN,NaN,NaN,NaN,NaN
2009,7,9,733963,NaN,NaN,NaN,NaN,NaN,NaN,NaN,NaN,NaN,NaN
2009,7,10,733964,NaN,NaN,NaN,NaN,NaN,NaN,NaN,NaN,NaN,NaN
2009,7,11,733965,NaN,NaN,NaN,NaN,NaN,NaN,NaN,NaN,NaN,NaN
2009,7,12,733966,NaN,NaN,NaN,NaN,NaN,NaN,NaN,NaN,NaN,NaN
2009,7,13,733967,NaN,NaN,NaN,NaN,NaN,NaN,NaN,NaN,NaN,NaN
2009,7,14,733968,NaN,NaN,NaN,NaN,NaN,NaN,NaN,NaN,NaN,NaN
2009,7,15,733969,NaN,NaN,NaN,NaN,NaN,NaN,NaN,NaN,NaN,NaN
2009,7,16,733970,NaN,NaN,NaN,NaN,NaN,NaN,NaN,NaN,NaN,NaN
2009,7,17,733971,NaN,NaN,NaN,NaN,NaN,NaN,NaN,NaN,NaN,NaN
2009,7,18,733972,NaN,NaN,NaN,NaN,NaN,NaN,NaN,NaN,NaN,NaN
2009,7,19,733973,NaN,NaN,NaN,NaN,NaN,NaN,NaN,NaN,NaN,NaN
2009,7,20,733974,NaN,NaN,NaN,NaN,NaN,NaN,NaN,NaN,NaN,NaN
2009,7,21,733975,NaN,NaN,NaN,NaN,NaN,NaN,NaN,NaN,NaN,NaN
2009,7,22,733976,NaN,NaN,NaN,NaN,NaN,NaN,NaN,NaN,NaN,NaN
2009,7,23,733977,NaN,NaN,NaN,NaN,NaN,NaN,NaN,NaN,NaN,NaN
2009,7,24,733978,NaN,NaN,NaN,NaN,NaN,NaN,NaN,NaN,NaN,NaN
2009,7,25,733979,NaN,NaN,NaN,NaN,NaN,NaN,NaN,NaN,NaN,NaN
2009,7,26,733980,NaN,NaN,NaN,NaN,NaN,NaN,NaN,NaN,NaN,NaN
2009,7,27,733981,NaN,NaN,NaN,NaN,NaN,NaN,NaN,NaN,NaN,NaN
2009,7,28,733982,NaN,NaN,NaN,NaN,NaN,NaN,NaN,NaN,NaN,NaN
2009,7,29,733983,NaN,NaN,NaN,NaN,NaN,NaN,NaN,NaN,NaN,NaN
2009,7,30,733984,NaN,NaN,NaN,NaN,NaN,NaN,NaN,NaN,NaN,NaN
2009,7,31,733985,NaN,NaN,NaN,NaN,NaN,NaN,NaN,NaN,NaN,NaN
2009,8,1,733986,NaN,NaN,NaN,NaN,NaN,NaN,NaN,NaN,NaN,NaN
2009,8,2,733987,NaN,NaN,NaN,NaN,NaN,NaN,NaN,NaN,NaN,NaN
2009,8,3,733988,NaN,NaN,NaN,NaN,NaN,NaN,NaN,NaN,NaN,NaN
2009,8,4,733989,NaN,NaN,NaN,NaN,NaN,NaN,NaN,NaN,NaN,NaN
2009,8,5,733990,NaN,NaN,NaN,NaN,NaN,NaN,NaN,NaN,NaN,NaN
2009,8,6,733991,NaN,NaN,NaN,NaN,NaN,NaN,NaN,NaN,NaN,NaN
2009,8,7,733992,NaN,NaN,NaN,NaN,NaN,NaN,NaN,NaN,NaN,NaN
2009,8,8,733993,NaN,NaN,NaN,NaN,NaN,NaN,NaN,NaN,NaN,NaN
2009,8,9,733994,NaN,NaN,NaN,NaN,NaN,NaN,NaN,NaN,NaN,NaN
2009,8,10,733995,NaN,NaN,NaN,NaN,NaN,NaN,NaN,NaN,NaN,NaN
2009,8,11,733996,NaN,NaN,NaN,NaN,NaN,NaN,NaN,NaN,NaN,NaN
2009,8,12,733997,NaN,NaN,NaN,NaN,NaN,NaN,NaN,NaN,NaN,NaN
2009,8,13,733998,NaN,NaN,NaN,NaN,NaN,NaN,NaN,NaN,NaN,NaN
2009,8,14,733999,NaN,NaN,NaN,NaN,NaN,NaN,NaN,NaN,NaN,NaN
2009,8,15,734000,NaN,NaN,NaN,NaN,NaN,NaN,NaN,NaN,NaN,NaN
2009,8,16,734001,NaN,NaN,NaN,NaN,NaN,NaN,NaN,NaN,NaN,NaN
2009,8,17,734002,NaN,NaN,NaN,NaN,NaN,NaN,NaN,NaN,NaN,NaN
2009,8,18,734003,NaN,NaN,NaN,NaN,NaN,NaN,NaN,NaN,NaN,NaN
2009,8,19,734004,NaN,NaN,NaN,NaN,NaN,NaN,NaN,NaN,NaN,NaN
2009,8,20,734005,NaN,NaN,NaN,NaN,NaN,NaN,NaN,NaN,NaN,NaN
2009,8,21,734006,NaN,NaN,NaN,NaN,NaN,NaN,NaN,NaN,NaN,NaN
2009,8,22,734007,NaN,NaN,NaN,NaN,NaN,NaN,NaN,NaN,NaN,NaN
2009,8,23,734008,NaN,NaN,NaN,NaN,NaN,NaN,NaN,NaN,NaN,NaN
2009,8,24,734009,NaN,NaN,NaN,NaN,NaN,NaN,NaN,NaN,NaN,NaN
2009,8,25,734010,NaN,NaN,NaN,NaN,NaN,NaN,NaN,NaN,NaN,NaN
2009,8,26,734011,NaN,NaN,NaN,NaN,NaN,NaN,NaN,NaN,NaN,NaN
2009,8,27,734012,NaN,NaN,NaN,NaN,NaN,NaN,NaN,NaN,NaN,NaN
2009,8,28,734013,NaN,NaN,NaN,NaN,NaN,NaN,NaN,NaN,NaN,NaN
2009,8,29,734014,NaN,NaN,NaN,NaN,NaN,NaN,NaN,NaN,NaN,NaN
2009,8,30,734015,NaN,NaN,NaN,NaN,NaN,NaN,NaN,NaN,NaN,NaN
2009,8,31,734016,NaN,NaN,NaN,NaN,NaN,NaN,NaN,NaN,NaN,NaN
2009,9,1,734017,NaN,NaN,NaN,NaN,NaN,NaN,NaN,NaN,NaN,NaN
2009,9,2,734018,NaN,NaN,NaN,NaN,NaN,NaN,NaN,NaN,NaN,NaN
2009,9,3,734019,NaN,NaN,NaN,NaN,NaN,NaN,NaN,NaN,NaN,NaN
2009,9,4,734020,NaN,NaN,NaN,NaN,NaN,NaN,NaN,NaN,NaN,NaN
2009,9,5,734021,NaN,NaN,NaN,NaN,NaN,NaN,NaN,NaN,NaN,NaN
2009,9,6,734022,NaN,NaN,NaN,NaN,NaN,NaN,NaN,NaN,NaN,NaN
2009,9,7,734023,NaN,NaN,NaN,NaN,NaN,NaN,NaN,NaN,NaN,NaN
2009,9,8,734024,NaN,NaN,NaN,NaN,NaN,NaN,NaN,NaN,NaN,NaN
2009,9,9,734025,NaN,NaN,NaN,NaN,NaN,NaN,NaN,NaN,NaN,NaN
2009,9,10,734026,NaN,NaN,NaN,NaN,NaN,NaN,NaN,NaN,NaN,NaN
2009,9,11,734027,NaN,NaN,NaN,NaN,NaN,NaN,NaN,NaN,NaN,NaN
2009,9,12,734028,NaN,NaN,NaN,NaN,NaN,NaN,NaN,NaN,NaN,NaN
2009,9,13,734029,NaN,NaN,NaN,NaN,NaN,NaN,NaN,NaN,NaN,NaN
2009,9,14,734030,NaN,NaN,NaN,NaN,NaN,NaN,NaN,NaN,NaN,NaN
2009,9,15,734031,NaN,NaN,NaN,NaN,NaN,NaN,NaN,NaN,NaN,NaN
2009,9,16,734032,NaN,NaN,NaN,NaN,NaN,NaN,NaN,NaN,NaN,NaN
2009,9,17,734033,NaN,NaN,NaN,NaN,NaN,NaN,NaN,NaN,NaN,NaN
2009,9,18,734034,NaN,NaN,NaN,NaN,NaN,NaN,NaN,NaN,NaN,NaN
2009,9,19,734035,NaN,NaN,NaN,NaN,NaN,NaN,NaN,NaN,NaN,NaN
2009,9,20,734036,NaN,NaN,NaN,NaN,NaN,NaN,NaN,NaN,NaN,NaN
2009,9,21,734037,NaN,NaN,NaN,NaN,NaN,NaN,NaN,NaN,NaN,NaN
2009,9,22,734038,NaN,NaN,NaN,NaN,NaN,NaN,NaN,NaN,NaN,NaN
2009,9,23,734039,NaN,NaN,NaN,NaN,NaN,NaN,NaN,NaN,NaN,NaN
2009,9,24,734040,NaN,NaN,NaN,NaN,NaN,NaN,NaN,NaN,NaN,NaN
2009,9,25,734041,NaN,NaN,NaN,NaN,NaN,NaN,NaN,NaN,NaN,NaN
2009,9,26,734042,NaN,NaN,NaN,NaN,NaN,NaN,NaN,NaN,NaN,NaN
2009,9,27,734043,NaN,NaN,NaN,NaN,NaN,NaN,NaN,NaN,NaN,NaN
2009,9,28,734044,NaN,NaN,NaN,NaN,NaN,NaN,NaN,NaN,NaN,NaN
2009,9,29,734045,NaN,NaN,NaN,NaN,NaN,NaN,NaN,NaN,NaN,NaN
2009,9,30,734046,NaN,NaN,NaN,NaN,NaN,NaN,NaN,NaN,NaN,NaN
2009,10,1,734047,NaN,NaN,NaN,NaN,NaN,NaN,NaN,NaN,NaN,NaN
2009,10,2,734048,NaN,NaN,NaN,NaN,NaN,NaN,NaN,NaN,NaN,NaN
2009,10,3,734049,NaN,NaN,NaN,NaN,NaN,NaN,NaN,NaN,NaN,NaN
2009,10,4,734050,NaN,NaN,NaN,NaN,NaN,NaN,NaN,NaN,NaN,NaN
2009,10,5,734051,NaN,NaN,NaN,NaN,NaN,NaN,NaN,NaN,NaN,NaN
2009,10,6,734052,NaN,NaN,NaN,NaN,NaN,NaN,NaN,NaN,NaN,NaN
2009,10,7,734053,NaN,NaN,NaN,NaN,NaN,NaN,NaN,NaN,NaN,NaN
2009,10,8,734054,NaN,NaN,NaN,NaN,NaN,NaN,NaN,NaN,NaN,NaN
2009,10,9,734055,NaN,NaN,NaN,NaN,NaN,NaN,NaN,NaN,NaN,NaN
2009,10,10,734056,NaN,NaN,NaN,NaN,NaN,NaN,NaN,NaN,NaN,NaN
2009,10,11,734057,NaN,NaN,NaN,NaN,NaN,NaN,NaN,NaN,NaN,NaN
2009,10,12,734058,NaN,NaN,NaN,NaN,NaN,NaN,NaN,NaN,NaN,NaN
2009,10,13,734059,NaN,NaN,NaN,NaN,NaN,NaN,NaN,NaN,NaN,NaN
2009,10,14,734060,NaN,NaN,NaN,NaN,NaN,NaN,NaN,NaN,NaN,NaN
2009,10,15,734061,NaN,NaN,NaN,NaN,NaN,NaN,NaN,NaN,NaN,NaN
2009,10,16,734062,NaN,NaN,NaN,NaN,NaN,NaN,NaN,NaN,NaN,NaN
2009,10,17,734063,NaN,NaN,NaN,NaN,NaN,NaN,NaN,NaN,NaN,NaN
2009,10,18,734064,NaN,NaN,NaN,NaN,NaN,NaN,NaN,NaN,NaN,NaN
2009,10,19,734065,NaN,NaN,NaN,NaN,NaN,NaN,NaN,NaN,NaN,NaN
2009,10,20,734066,NaN,NaN,NaN,NaN,NaN,NaN,NaN,NaN,NaN,NaN
2009,10,21,734067,NaN,NaN,NaN,NaN,NaN,NaN,NaN,NaN,NaN,NaN
2009,10,22,734068,NaN,NaN,NaN,NaN,NaN,NaN,NaN,NaN,NaN,NaN
2009,10,23,734069,NaN,NaN,NaN,NaN,NaN,NaN,NaN,NaN,NaN,NaN
2009,10,24,734070,NaN,NaN,NaN,NaN,NaN,NaN,NaN,NaN,NaN,NaN
2009,10,25,734071,NaN,NaN,NaN,NaN,NaN,NaN,NaN,NaN,NaN,NaN
2009,10,26,734072,NaN,NaN,NaN,NaN,NaN,NaN,NaN,NaN,NaN,NaN
2009,10,27,734073,NaN,NaN,NaN,NaN,NaN,NaN,NaN,NaN,NaN,NaN
2009,10,28,734074,NaN,NaN,NaN,NaN,NaN,NaN,NaN,NaN,NaN,NaN
2009,10,29,734075,NaN,NaN,NaN,NaN,NaN,NaN,NaN,NaN,NaN,NaN
2009,10,30,734076,NaN,NaN,NaN,NaN,NaN,NaN,NaN,NaN,NaN,NaN
2009,10,31,734077,NaN,NaN,NaN,NaN,NaN,NaN,NaN,NaN,NaN,NaN
2009,11,1,734078,NaN,NaN,NaN,NaN,NaN,NaN,NaN,NaN,NaN,NaN
2009,11,2,734079,NaN,NaN,NaN,NaN,NaN,NaN,NaN,NaN,NaN,NaN
2009,11,3,734080,NaN,NaN,NaN,NaN,NaN,NaN,NaN,NaN,NaN,NaN
2009,11,4,734081,NaN,NaN,NaN,NaN,NaN,NaN,NaN,NaN,NaN,NaN
2009,11,5,734082,NaN,NaN,NaN,NaN,NaN,NaN,NaN,NaN,NaN,NaN
2009,11,6,734083,NaN,NaN,NaN,NaN,NaN,NaN,NaN,NaN,NaN,NaN
2009,11,7,734084,NaN,NaN,NaN,NaN,NaN,NaN,NaN,NaN,NaN,NaN
2009,11,8,734085,NaN,NaN,NaN,NaN,NaN,NaN,NaN,NaN,NaN,NaN
2009,11,9,734086,NaN,NaN,NaN,NaN,NaN,NaN,NaN,NaN,NaN,NaN
2009,11,10,734087,NaN,NaN,NaN,NaN,NaN,NaN,NaN,NaN,NaN,NaN
2009,11,11,734088,NaN,NaN,NaN,NaN,NaN,NaN,NaN,NaN,NaN,NaN
2009,11,12,734089,NaN,NaN,NaN,NaN,NaN,NaN,NaN,NaN,NaN,NaN
2009,11,13,734090,NaN,NaN,NaN,NaN,NaN,NaN,NaN,NaN,NaN,NaN
2009,11,14,734091,NaN,NaN,NaN,NaN,NaN,NaN,NaN,NaN,NaN,NaN
2009,11,15,734092,NaN,NaN,NaN,NaN,NaN,NaN,NaN,NaN,NaN,NaN
2009,11,16,734093,NaN,NaN,NaN,NaN,NaN,NaN,NaN,NaN,NaN,NaN
2009,11,17,734094,NaN,NaN,NaN,NaN,NaN,NaN,NaN,NaN,NaN,NaN
2009,11,18,734095,NaN,NaN,NaN,NaN,NaN,NaN,NaN,NaN,NaN,NaN
2009,11,19,734096,NaN,NaN,NaN,NaN,NaN,NaN,NaN,NaN,NaN,NaN
2009,11,20,734097,NaN,NaN,NaN,NaN,NaN,NaN,NaN,NaN,NaN,NaN
2009,11,21,734098,NaN,NaN,NaN,NaN,NaN,NaN,NaN,NaN,NaN,NaN
2009,11,22,734099,NaN,NaN,NaN,NaN,NaN,NaN,NaN,NaN,NaN,NaN
2009,11,23,734100,NaN,NaN,NaN,NaN,NaN,NaN,NaN,NaN,NaN,NaN
2009,11,24,734101,NaN,NaN,NaN,NaN,NaN,NaN,NaN,NaN,NaN,NaN
2009,11,25,734102,NaN,NaN,NaN,NaN,NaN,NaN,NaN,NaN,NaN,NaN
2009,11,26,734103,NaN,NaN,NaN,NaN,NaN,NaN,NaN,NaN,NaN,NaN
2009,11,27,734104,NaN,NaN,NaN,NaN,NaN,NaN,NaN,NaN,NaN,NaN
2009,11,28,734105,NaN,NaN,NaN,NaN,NaN,NaN,NaN,NaN,NaN,NaN
2009,11,29,734106,NaN,NaN,NaN,NaN,NaN,NaN,NaN,NaN,NaN,NaN
2009,11,30,734107,NaN,NaN,NaN,NaN,NaN,NaN,NaN,NaN,NaN,NaN
2009,12,1,734108,NaN,NaN,NaN,NaN,NaN,NaN,NaN,NaN,NaN,NaN
2009,12,2,734109,NaN,NaN,NaN,NaN,NaN,NaN,NaN,NaN,NaN,NaN
2009,12,3,734110,NaN,NaN,NaN,NaN,NaN,NaN,NaN,NaN,NaN,NaN
2009,12,4,734111,NaN,NaN,NaN,NaN,NaN,NaN,NaN,NaN,NaN,NaN
2009,12,5,734112,NaN,NaN,NaN,NaN,NaN,NaN,NaN,NaN,NaN,NaN
2009,12,6,734113,NaN,NaN,NaN,NaN,NaN,NaN,NaN,NaN,NaN,NaN
2009,12,7,734114,NaN,NaN,NaN,NaN,NaN,NaN,NaN,NaN,NaN,NaN
2009,12,8,734115,NaN,NaN,NaN,NaN,NaN,NaN,NaN,NaN,NaN,NaN
2009,12,9,734116,NaN,NaN,NaN,NaN,NaN,NaN,NaN,NaN,NaN,NaN
2009,12,10,734117,NaN,NaN,NaN,NaN,NaN,NaN,NaN,NaN,NaN,NaN
2009,12,11,734118,NaN,NaN,NaN,NaN,NaN,NaN,NaN,NaN,NaN,NaN
2009,12,12,734119,NaN,NaN,NaN,NaN,NaN,NaN,NaN,NaN,NaN,NaN
2009,12,13,734120,NaN,NaN,NaN,NaN,NaN,NaN,NaN,NaN,NaN,NaN
2009,12,14,734121,NaN,NaN,NaN,NaN,NaN,NaN,NaN,NaN,NaN,NaN
2009,12,15,734122,NaN,NaN,NaN,NaN,NaN,NaN,NaN,NaN,NaN,NaN
2009,12,16,734123,NaN,NaN,NaN,NaN,NaN,NaN,NaN,NaN,NaN,NaN
2009,12,17,734124,NaN,NaN,NaN,NaN,NaN,NaN,NaN,NaN,NaN,NaN
2009,12,18,734125,NaN,NaN,NaN,NaN,NaN,NaN,NaN,NaN,NaN,NaN
2009,12,19,734126,NaN,NaN,NaN,NaN,NaN,NaN,NaN,NaN,NaN,NaN
2009,12,20,734127,NaN,NaN,NaN,NaN,NaN,NaN,NaN,NaN,NaN,NaN
2009,12,21,734128,NaN,NaN,NaN,NaN,NaN,NaN,NaN,NaN,NaN,NaN
2009,12,22,734129,NaN,NaN,NaN,NaN,NaN,NaN,NaN,NaN,NaN,NaN
2009,12,23,734130,NaN,NaN,NaN,NaN,NaN,NaN,NaN,NaN,NaN,NaN
2009,12,24,734131,NaN,NaN,NaN,NaN,NaN,NaN,NaN,NaN,NaN,NaN
2009,12,25,734132,NaN,NaN,NaN,NaN,NaN,NaN,NaN,NaN,NaN,NaN
2009,12,26,734133,NaN,NaN,NaN,NaN,NaN,NaN,NaN,NaN,NaN,NaN
2009,12,27,734134,NaN,NaN,NaN,NaN,NaN,NaN,NaN,NaN,NaN,NaN
2009,12,28,734135,NaN,NaN,NaN,NaN,NaN,NaN,NaN,NaN,NaN,NaN
2009,12,29,734136,NaN,NaN,NaN,NaN,NaN,NaN,NaN,NaN,NaN,NaN
2009,12,30,734137,NaN,NaN,NaN,NaN,NaN,NaN,NaN,NaN,NaN,NaN
2009,12,31,734138,NaN,NaN,NaN,NaN,NaN,NaN,NaN,NaN,NaN,NaN
2010,1,1,734139,NaN,NaN,NaN,NaN,NaN,NaN,NaN,NaN,NaN,NaN
2010,1,2,734140,NaN,NaN,NaN,NaN,NaN,NaN,NaN,NaN,NaN,NaN
2010,1,3,734141,NaN,NaN,NaN,NaN,NaN,NaN,NaN,NaN,NaN,NaN
2010,1,4,734142,NaN,NaN,NaN,NaN,NaN,NaN,NaN,NaN,NaN,NaN
2010,1,5,734143,NaN,NaN,NaN,NaN,NaN,NaN,NaN,NaN,NaN,NaN
2010,1,6,734144,NaN,NaN,NaN,NaN,NaN,NaN,NaN,NaN,NaN,NaN
2010,1,7,734145,NaN,NaN,NaN,NaN,NaN,NaN,NaN,NaN,NaN,NaN
2010,1,8,734146,NaN,NaN,NaN,NaN,NaN,NaN,NaN,NaN,NaN,NaN
2010,1,9,734147,NaN,NaN,NaN,NaN,NaN,NaN,NaN,NaN,NaN,NaN
2010,1,10,734148,NaN,NaN,NaN,NaN,NaN,NaN,NaN,NaN,NaN,NaN
2010,1,11,734149,NaN,NaN,NaN,NaN,NaN,NaN,NaN,NaN,NaN,NaN
2010,1,12,734150,NaN,NaN,NaN,NaN,NaN,NaN,NaN,NaN,NaN,NaN
2010,1,13,734151,NaN,NaN,NaN,NaN,NaN,NaN,NaN,NaN,NaN,NaN
2010,1,14,734152,NaN,NaN,NaN,NaN,NaN,NaN,NaN,NaN,NaN,NaN
2010,1,15,734153,NaN,NaN,NaN,NaN,NaN,NaN,NaN,NaN,NaN,NaN
2010,1,16,734154,NaN,NaN,NaN,NaN,NaN,NaN,NaN,NaN,NaN,NaN
2010,1,17,734155,NaN,NaN,NaN,NaN,NaN,NaN,NaN,NaN,NaN,NaN
2010,1,18,734156,NaN,NaN,NaN,NaN,NaN,NaN,NaN,NaN,NaN,NaN
2010,1,19,734157,NaN,NaN,NaN,NaN,NaN,NaN,NaN,NaN,NaN,NaN
2010,1,20,734158,NaN,NaN,NaN,NaN,NaN,NaN,NaN,NaN,NaN,NaN
2010,1,21,734159,NaN,NaN,NaN,NaN,NaN,NaN,NaN,NaN,NaN,NaN
2010,1,22,734160,NaN,NaN,NaN,NaN,NaN,NaN,NaN,NaN,NaN,NaN
2010,1,23,734161,NaN,NaN,NaN,NaN,NaN,NaN,NaN,NaN,NaN,NaN
2010,1,24,734162,NaN,NaN,NaN,NaN,NaN,NaN,NaN,NaN,NaN,NaN
2010,1,25,734163,NaN,NaN,NaN,NaN,NaN,NaN,NaN,NaN,NaN,NaN
2010,1,26,734164,NaN,NaN,NaN,NaN,NaN,NaN,NaN,NaN,NaN,NaN
2010,1,27,734165,NaN,NaN,NaN,NaN,NaN,NaN,NaN,NaN,NaN,NaN
2010,1,28,734166,NaN,NaN,NaN,NaN,NaN,NaN,NaN,NaN,NaN,NaN
2010,1,29,734167,NaN,NaN,NaN,NaN,NaN,NaN,NaN,NaN,NaN,NaN
2010,1,30,734168,NaN,NaN,NaN,NaN,NaN,NaN,NaN,NaN,NaN,NaN
2010,1,31,734169,NaN,NaN,NaN,NaN,NaN,NaN,NaN,NaN,NaN,NaN
2010,2,1,734170,NaN,NaN,NaN,NaN,NaN,NaN,NaN,NaN,NaN,NaN
2010,2,2,734171,NaN,NaN,NaN,NaN,NaN,NaN,NaN,NaN,NaN,NaN
2010,2,3,734172,NaN,NaN,NaN,NaN,NaN,NaN,NaN,NaN,NaN,NaN
2010,2,4,734173,NaN,NaN,NaN,NaN,NaN,NaN,NaN,NaN,NaN,NaN
2010,2,5,734174,NaN,NaN,NaN,NaN,NaN,NaN,NaN,NaN,NaN,NaN
2010,2,6,734175,NaN,NaN,NaN,NaN,NaN,NaN,NaN,NaN,NaN,NaN
2010,2,7,734176,NaN,NaN,NaN,NaN,NaN,NaN,NaN,NaN,NaN,NaN
2010,2,8,734177,NaN,NaN,NaN,NaN,NaN,NaN,NaN,NaN,NaN,NaN
2010,2,9,734178,NaN,NaN,NaN,NaN,NaN,NaN,NaN,NaN,NaN,NaN
2010,2,10,734179,NaN,NaN,NaN,NaN,NaN,NaN,NaN,NaN,NaN,NaN
2010,2,11,734180,NaN,NaN,NaN,NaN,NaN,NaN,NaN,NaN,NaN,NaN
2010,2,12,734181,NaN,NaN,NaN,NaN,NaN,NaN,NaN,NaN,NaN,NaN
2010,2,13,734182,NaN,NaN,NaN,NaN,NaN,NaN,NaN,NaN,NaN,NaN
2010,2,14,734183,NaN,NaN,NaN,NaN,NaN,NaN,NaN,NaN,NaN,NaN
2010,2,15,734184,NaN,NaN,NaN,NaN,NaN,NaN,NaN,NaN,NaN,NaN
2010,2,16,734185,NaN,NaN,NaN,NaN,NaN,NaN,NaN,NaN,NaN,NaN
2010,2,17,734186,NaN,NaN,NaN,NaN,NaN,NaN,NaN,NaN,NaN,NaN
2010,2,18,734187,NaN,NaN,NaN,NaN,NaN,NaN,NaN,NaN,NaN,NaN
2010,2,19,734188,NaN,NaN,NaN,NaN,NaN,NaN,NaN,NaN,NaN,NaN
2010,2,20,734189,NaN,NaN,NaN,NaN,NaN,NaN,NaN,NaN,NaN,NaN
2010,2,21,734190,NaN,NaN,NaN,NaN,NaN,NaN,NaN,NaN,NaN,NaN
2010,2,22,734191,NaN,NaN,NaN,NaN,NaN,NaN,NaN,NaN,NaN,NaN
2010,2,23,734192,NaN,NaN,NaN,NaN,NaN,NaN,NaN,NaN,NaN,NaN
2010,2,24,734193,NaN,NaN,NaN,NaN,NaN,NaN,NaN,NaN,NaN,NaN
2010,2,25,734194,NaN,NaN,NaN,NaN,NaN,NaN,NaN,NaN,NaN,NaN
2010,2,26,734195,NaN,NaN,NaN,NaN,NaN,NaN,NaN,NaN,NaN,NaN
2010,2,27,734196,NaN,NaN,NaN,NaN,NaN,NaN,NaN,NaN,NaN,NaN
2010,2,28,734197,NaN,NaN,NaN,NaN,NaN,NaN,NaN,NaN,NaN,NaN
2010,3,1,734198,NaN,NaN,NaN,NaN,NaN,NaN,NaN,NaN,NaN,NaN
2010,3,2,734199,NaN,NaN,NaN,NaN,NaN,NaN,NaN,NaN,NaN,NaN
2010,3,3,734200,NaN,NaN,NaN,NaN,NaN,NaN,NaN,NaN,NaN,NaN
2010,3,4,734201,NaN,NaN,NaN,NaN,NaN,NaN,NaN,NaN,NaN,NaN
2010,3,5,734202,NaN,NaN,NaN,NaN,NaN,NaN,NaN,NaN,NaN,NaN
2010,3,6,734203,NaN,NaN,NaN,NaN,NaN,NaN,NaN,NaN,NaN,NaN
2010,3,7,734204,NaN,NaN,NaN,NaN,NaN,NaN,NaN,NaN,NaN,NaN
2010,3,8,734205,NaN,NaN,NaN,NaN,NaN,NaN,NaN,NaN,NaN,NaN
2010,3,9,734206,NaN,NaN,NaN,NaN,NaN,NaN,NaN,NaN,NaN,NaN
2010,3,10,734207,NaN,NaN,NaN,NaN,NaN,NaN,NaN,NaN,NaN,NaN
2010,3,11,734208,NaN,NaN,NaN,NaN,NaN,NaN,NaN,NaN,NaN,NaN
2010,3,12,734209,NaN,NaN,NaN,NaN,NaN,NaN,NaN,NaN,NaN,NaN
2010,3,13,734210,NaN,NaN,NaN,NaN,NaN,NaN,NaN,NaN,NaN,NaN
2010,3,14,734211,NaN,NaN,NaN,NaN,NaN,NaN,NaN,NaN,NaN,NaN
2010,3,15,734212,NaN,NaN,NaN,NaN,NaN,NaN,NaN,NaN,NaN,NaN
2010,3,16,734213,NaN,NaN,NaN,NaN,NaN,NaN,NaN,NaN,NaN,NaN
2010,3,17,734214,NaN,NaN,NaN,NaN,NaN,NaN,NaN,NaN,NaN,NaN
2010,3,18,734215,NaN,NaN,NaN,NaN,NaN,NaN,NaN,NaN,NaN,NaN
2010,3,19,734216,NaN,NaN,NaN,NaN,NaN,NaN,NaN,NaN,NaN,NaN
2010,3,20,734217,NaN,NaN,NaN,NaN,NaN,NaN,NaN,NaN,NaN,NaN
2010,3,21,734218,NaN,NaN,NaN,NaN,NaN,NaN,NaN,NaN,NaN,NaN
2010,3,22,734219,NaN,NaN,NaN,NaN,NaN,NaN,NaN,NaN,NaN,NaN
2010,3,23,734220,NaN,NaN,NaN,NaN,NaN,NaN,NaN,NaN,NaN,NaN
2010,3,24,734221,NaN,NaN,NaN,NaN,NaN,NaN,NaN,NaN,NaN,NaN
2010,3,25,734222,NaN,NaN,NaN,NaN,NaN,NaN,NaN,NaN,NaN,NaN
2010,3,26,734223,NaN,NaN,NaN,NaN,NaN,NaN,NaN,NaN,NaN,NaN
2010,3,27,734224,NaN,NaN,NaN,NaN,NaN,NaN,NaN,NaN,NaN,NaN
2010,3,28,734225,NaN,NaN,NaN,NaN,NaN,NaN,NaN,NaN,NaN,NaN
2010,3,29,734226,NaN,NaN,NaN,NaN,NaN,NaN,NaN,NaN,NaN,NaN
2010,3,30,734227,NaN,NaN,NaN,NaN,NaN,NaN,NaN,NaN,NaN,NaN
2010,3,31,734228,NaN,NaN,NaN,NaN,NaN,NaN,NaN,NaN,NaN,NaN
2010,4,1,734229,NaN,NaN,NaN,NaN,NaN,NaN,NaN,NaN,NaN,NaN
2010,4,2,734230,NaN,NaN,NaN,NaN,NaN,NaN,NaN,NaN,NaN,NaN
2010,4,3,734231,NaN,NaN,NaN,NaN,NaN,NaN,NaN,NaN,NaN,NaN
2010,4,4,734232,NaN,NaN,NaN,NaN,NaN,NaN,NaN,NaN,NaN,NaN
2010,4,5,734233,NaN,NaN,NaN,NaN,NaN,NaN,NaN,NaN,NaN,NaN
2010,4,6,734234,NaN,NaN,NaN,NaN,NaN,NaN,NaN,NaN,NaN,NaN
2010,4,7,734235,NaN,NaN,NaN,NaN,NaN,NaN,NaN,NaN,NaN,NaN
2010,4,8,734236,NaN,NaN,NaN,NaN,NaN,NaN,NaN,NaN,NaN,NaN
2010,4,9,734237,NaN,NaN,NaN,NaN,NaN,NaN,NaN,NaN,NaN,NaN
2010,4,10,734238,NaN,NaN,NaN,NaN,NaN,NaN,NaN,NaN,NaN,NaN
2010,4,11,734239,NaN,NaN,NaN,NaN,NaN,NaN,NaN,NaN,NaN,NaN
2010,4,12,734240,NaN,NaN,NaN,NaN,NaN,NaN,NaN,NaN,NaN,NaN
2010,4,13,734241,NaN,NaN,NaN,NaN,NaN,NaN,NaN,NaN,NaN,NaN
2010,4,14,734242,NaN,NaN,NaN,NaN,NaN,NaN,NaN,NaN,NaN,NaN
2010,4,15,734243,NaN,NaN,NaN,NaN,NaN,NaN,NaN,NaN,NaN,NaN
2010,4,16,734244,NaN,NaN,NaN,NaN,NaN,NaN,NaN,NaN,NaN,NaN
2010,4,17,734245,NaN,NaN,NaN,NaN,NaN,NaN,NaN,NaN,NaN,NaN
2010,4,18,734246,NaN,NaN,NaN,NaN,NaN,NaN,NaN,NaN,NaN,NaN
2010,4,19,734247,NaN,NaN,NaN,NaN,NaN,NaN,NaN,NaN,NaN,NaN
2010,4,20,734248,NaN,NaN,NaN,NaN,NaN,NaN,NaN,NaN,NaN,NaN
2010,4,21,734249,NaN,NaN,NaN,NaN,NaN,NaN,NaN,NaN,NaN,NaN
2010,4,22,734250,NaN,NaN,NaN,NaN,NaN,NaN,NaN,NaN,NaN,NaN
2010,4,23,734251,NaN,NaN,NaN,NaN,NaN,NaN,NaN,NaN,NaN,NaN
2010,4,24,734252,NaN,NaN,NaN,NaN,NaN,NaN,NaN,NaN,NaN,NaN
2010,4,25,734253,NaN,NaN,NaN,NaN,NaN,NaN,NaN,NaN,NaN,NaN
2010,4,26,734254,NaN,NaN,NaN,NaN,NaN,NaN,NaN,NaN,NaN,NaN
2010,4,27,734255,NaN,NaN,NaN,NaN,NaN,NaN,NaN,NaN,NaN,NaN
2010,4,28,734256,NaN,NaN,NaN,NaN,NaN,NaN,NaN,NaN,NaN,NaN
2010,4,29,734257,NaN,NaN,NaN,NaN,NaN,NaN,NaN,NaN,NaN,NaN
2010,4,30,734258,NaN,NaN,NaN,NaN,NaN,NaN,NaN,NaN,NaN,NaN
2010,5,1,734259,NaN,NaN,NaN,NaN,NaN,NaN,NaN,NaN,NaN,NaN
2010,5,2,734260,NaN,NaN,NaN,NaN,NaN,NaN,NaN,NaN,NaN,NaN
2010,5,3,734261,NaN,NaN,NaN,NaN,NaN,NaN,NaN,NaN,NaN,NaN
2010,5,4,734262,NaN,NaN,NaN,NaN,NaN,NaN,NaN,NaN,NaN,NaN
2010,5,5,734263,NaN,NaN,NaN,NaN,NaN,NaN,NaN,NaN,NaN,NaN
2010,5,6,734264,NaN,NaN,NaN,NaN,NaN,NaN,NaN,NaN,NaN,NaN
2010,5,7,734265,NaN,NaN,NaN,NaN,NaN,NaN,NaN,NaN,NaN,NaN
2010,5,8,734266,NaN,NaN,NaN,NaN,NaN,NaN,NaN,NaN,NaN,NaN
2010,5,9,734267,NaN,NaN,NaN,NaN,NaN,NaN,NaN,NaN,NaN,NaN
2010,5,10,734268,NaN,NaN,NaN,NaN,NaN,NaN,NaN,NaN,NaN,NaN
2010,5,11,734269,NaN,NaN,NaN,NaN,NaN,NaN,NaN,NaN,NaN,NaN
2010,5,12,734270,NaN,NaN,NaN,NaN,NaN,NaN,NaN,NaN,NaN,NaN
2010,5,13,734271,NaN,NaN,NaN,NaN,NaN,NaN,NaN,NaN,NaN,NaN
2010,5,14,734272,NaN,NaN,NaN,NaN,NaN,NaN,NaN,NaN,NaN,NaN
2010,5,15,734273,NaN,NaN,NaN,NaN,NaN,NaN,NaN,NaN,NaN,NaN
2010,5,16,734274,NaN,NaN,NaN,NaN,NaN,NaN,NaN,NaN,NaN,NaN
2010,5,17,734275,NaN,NaN,NaN,NaN,NaN,NaN,NaN,NaN,NaN,NaN
2010,5,18,734276,NaN,NaN,NaN,NaN,NaN,NaN,NaN,NaN,NaN,NaN
2010,5,19,734277,NaN,NaN,NaN,NaN,NaN,NaN,NaN,NaN,NaN,NaN
2010,5,20,734278,NaN,NaN,NaN,NaN,NaN,NaN,NaN,NaN,NaN,NaN
2010,5,21,734279,NaN,NaN,NaN,NaN,NaN,NaN,NaN,NaN,NaN,NaN
2010,5,22,734280,NaN,NaN,NaN,NaN,NaN,NaN,NaN,NaN,NaN,NaN
2010,5,23,734281,NaN,NaN,NaN,NaN,NaN,NaN,NaN,NaN,NaN,NaN
2010,5,24,734282,NaN,NaN,NaN,NaN,NaN,NaN,NaN,NaN,NaN,NaN
2010,5,25,734283,NaN,NaN,NaN,NaN,NaN,NaN,NaN,NaN,NaN,NaN
2010,5,26,734284,NaN,NaN,NaN,NaN,NaN,NaN,NaN,NaN,NaN,NaN
2010,5,27,734285,NaN,NaN,NaN,NaN,NaN,NaN,NaN,NaN,NaN,NaN
2010,5,28,734286,NaN,NaN,NaN,NaN,NaN,NaN,NaN,NaN,NaN,NaN
2010,5,29,734287,NaN,NaN,NaN,NaN,NaN,NaN,NaN,NaN,NaN,NaN
2010,5,30,734288,NaN,NaN,NaN,NaN,NaN,NaN,NaN,NaN,NaN,NaN
2010,5,31,734289,NaN,NaN,NaN,NaN,NaN,NaN,NaN,NaN,NaN,NaN
2010,6,1,734290,NaN,NaN,NaN,NaN,NaN,NaN,NaN,NaN,NaN,NaN
2010,6,2,734291,NaN,NaN,NaN,NaN,NaN,NaN,NaN,NaN,NaN,NaN
2010,6,3,734292,NaN,NaN,NaN,NaN,NaN,NaN,NaN,NaN,NaN,NaN
2010,6,4,734293,NaN,NaN,NaN,NaN,NaN,NaN,NaN,NaN,NaN,NaN
2010,6,5,734294,NaN,NaN,NaN,NaN,NaN,NaN,NaN,NaN,NaN,NaN
2010,6,6,734295,NaN,NaN,NaN,NaN,NaN,NaN,NaN,NaN,NaN,NaN
2010,6,7,734296,NaN,NaN,NaN,NaN,NaN,NaN,NaN,NaN,NaN,NaN
2010,6,8,734297,NaN,NaN,NaN,NaN,NaN,NaN,NaN,NaN,NaN,NaN
2010,6,9,734298,NaN,NaN,NaN,NaN,NaN,NaN,NaN,NaN,NaN,NaN
2010,6,10,734299,NaN,NaN,NaN,NaN,NaN,NaN,NaN,NaN,NaN,NaN
2010,6,11,734300,NaN,NaN,NaN,NaN,NaN,NaN,NaN,NaN,NaN,NaN
2010,6,12,734301,NaN,NaN,NaN,NaN,NaN,NaN,NaN,NaN,NaN,NaN
2010,6,13,734302,NaN,NaN,NaN,NaN,NaN,NaN,NaN,NaN,NaN,NaN
2010,6,14,734303,NaN,NaN,NaN,NaN,NaN,NaN,NaN,NaN,NaN,NaN
2010,6,15,734304,NaN,NaN,NaN,NaN,NaN,NaN,NaN,NaN,NaN,NaN
2010,6,16,734305,NaN,NaN,NaN,NaN,NaN,NaN,NaN,NaN,NaN,NaN
2010,6,17,734306,NaN,NaN,NaN,NaN,NaN,NaN,NaN,NaN,NaN,NaN
2010,6,18,734307,NaN,NaN,NaN,NaN,NaN,NaN,NaN,NaN,NaN,NaN
2010,6,19,734308,NaN,NaN,NaN,NaN,NaN,NaN,NaN,NaN,NaN,NaN
2010,6,20,734309,NaN,NaN,NaN,NaN,NaN,NaN,NaN,NaN,NaN,NaN
2010,6,21,734310,NaN,NaN,NaN,NaN,NaN,NaN,NaN,NaN,NaN,NaN
2010,6,22,734311,NaN,NaN,NaN,NaN,NaN,NaN,NaN,NaN,NaN,NaN
2010,6,23,734312,NaN,NaN,NaN,NaN,NaN,NaN,NaN,NaN,NaN,NaN
2010,6,24,734313,NaN,NaN,NaN,NaN,NaN,NaN,NaN,NaN,NaN,NaN
2010,6,25,734314,NaN,NaN,NaN,NaN,NaN,NaN,NaN,NaN,NaN,NaN
2010,6,26,734315,NaN,NaN,NaN,NaN,NaN,NaN,NaN,NaN,NaN,NaN
2010,6,27,734316,NaN,NaN,NaN,NaN,NaN,NaN,NaN,NaN,NaN,NaN
2010,6,28,734317,NaN,NaN,NaN,NaN,NaN,NaN,NaN,NaN,NaN,NaN
2010,6,29,734318,NaN,NaN,NaN,NaN,NaN,NaN,NaN,NaN,NaN,NaN
2010,6,30,734319,NaN,NaN,NaN,NaN,NaN,NaN,NaN,NaN,NaN,NaN
2010,7,1,734320,NaN,NaN,NaN,NaN,NaN,NaN,NaN,NaN,NaN,NaN
2010,7,2,734321,NaN,NaN,NaN,NaN,NaN,NaN,NaN,NaN,NaN,NaN
2010,7,3,734322,NaN,NaN,NaN,NaN,NaN,NaN,NaN,NaN,NaN,NaN
2010,7,4,734323,NaN,NaN,NaN,NaN,NaN,NaN,NaN,NaN,NaN,NaN
2010,7,5,734324,NaN,NaN,NaN,NaN,NaN,NaN,NaN,NaN,NaN,NaN
2010,7,6,734325,NaN,NaN,NaN,NaN,NaN,NaN,NaN,NaN,NaN,NaN
2010,7,7,734326,NaN,NaN,NaN,NaN,NaN,NaN,NaN,NaN,NaN,NaN
2010,7,8,734327,NaN,NaN,NaN,NaN,NaN,NaN,NaN,NaN,NaN,NaN
2010,7,9,734328,NaN,NaN,NaN,NaN,NaN,NaN,NaN,NaN,NaN,NaN
2010,7,10,734329,NaN,NaN,NaN,NaN,NaN,NaN,NaN,NaN,NaN,NaN
2010,7,11,734330,NaN,NaN,NaN,NaN,NaN,NaN,NaN,NaN,NaN,NaN
2010,7,12,734331,NaN,NaN,NaN,NaN,NaN,NaN,NaN,NaN,NaN,NaN
2010,7,13,734332,NaN,NaN,NaN,NaN,NaN,NaN,NaN,NaN,NaN,NaN
2010,7,14,734333,NaN,NaN,NaN,NaN,NaN,NaN,NaN,NaN,NaN,NaN
2010,7,15,734334,NaN,NaN,NaN,NaN,NaN,NaN,NaN,NaN,NaN,NaN
2010,7,16,734335,NaN,NaN,NaN,NaN,NaN,NaN,NaN,NaN,NaN,NaN
2010,7,17,734336,NaN,NaN,NaN,NaN,NaN,NaN,NaN,NaN,NaN,NaN
2010,7,18,734337,NaN,NaN,NaN,NaN,NaN,NaN,NaN,NaN,NaN,NaN
2010,7,19,734338,NaN,NaN,NaN,NaN,NaN,NaN,NaN,NaN,NaN,NaN
2010,7,20,734339,NaN,NaN,NaN,NaN,NaN,NaN,NaN,NaN,NaN,NaN
2010,7,21,734340,NaN,NaN,NaN,NaN,NaN,NaN,NaN,NaN,NaN,NaN
2010,7,22,734341,NaN,NaN,NaN,NaN,NaN,NaN,NaN,NaN,NaN,NaN
2010,7,23,734342,NaN,NaN,NaN,NaN,NaN,NaN,NaN,NaN,NaN,NaN
2010,7,24,734343,NaN,NaN,NaN,NaN,NaN,NaN,NaN,NaN,NaN,NaN
2010,7,25,734344,NaN,NaN,NaN,NaN,NaN,NaN,NaN,NaN,NaN,NaN
2010,7,26,734345,NaN,NaN,NaN,NaN,NaN,NaN,NaN,NaN,NaN,NaN
2010,7,27,734346,NaN,NaN,NaN,NaN,NaN,NaN,NaN,NaN,NaN,NaN
2010,7,28,734347,NaN,NaN,NaN,NaN,NaN,NaN,NaN,NaN,NaN,NaN
2010,7,29,734348,NaN,NaN,NaN,NaN,NaN,NaN,NaN,NaN,NaN,NaN
2010,7,30,734349,NaN,NaN,NaN,NaN,NaN,NaN,NaN,NaN,NaN,NaN
2010,7,31,734350,NaN,NaN,NaN,NaN,NaN,NaN,NaN,NaN,NaN,NaN
2010,8,1,734351,NaN,NaN,NaN,NaN,NaN,NaN,NaN,NaN,NaN,NaN
2010,8,2,734352,NaN,NaN,NaN,NaN,NaN,NaN,NaN,NaN,NaN,NaN
2010,8,3,734353,NaN,NaN,NaN,NaN,NaN,NaN,NaN,NaN,NaN,NaN
2010,8,4,734354,NaN,NaN,NaN,NaN,NaN,NaN,NaN,NaN,NaN,NaN
2010,8,5,734355,NaN,NaN,NaN,NaN,NaN,NaN,NaN,NaN,NaN,NaN
2010,8,6,734356,NaN,NaN,NaN,NaN,NaN,NaN,NaN,NaN,NaN,NaN
2010,8,7,734357,NaN,NaN,NaN,NaN,NaN,NaN,NaN,NaN,NaN,NaN
2010,8,8,734358,NaN,NaN,NaN,NaN,NaN,NaN,NaN,NaN,NaN,NaN
2010,8,9,734359,NaN,NaN,NaN,NaN,NaN,NaN,NaN,NaN,NaN,NaN
2010,8,10,734360,NaN,NaN,NaN,NaN,NaN,NaN,NaN,NaN,NaN,NaN
2010,8,11,734361,NaN,NaN,NaN,NaN,NaN,NaN,NaN,NaN,NaN,NaN
2010,8,12,734362,NaN,NaN,NaN,NaN,NaN,NaN,NaN,NaN,NaN,NaN
2010,8,13,734363,NaN,NaN,NaN,NaN,NaN,NaN,NaN,NaN,NaN,NaN
2010,8,14,734364,NaN,NaN,NaN,NaN,NaN,NaN,NaN,NaN,NaN,NaN
2010,8,15,734365,NaN,NaN,NaN,NaN,NaN,NaN,NaN,NaN,NaN,NaN
2010,8,16,734366,NaN,NaN,NaN,NaN,NaN,NaN,NaN,NaN,NaN,NaN
2010,8,17,734367,NaN,NaN,NaN,NaN,NaN,NaN,NaN,NaN,NaN,NaN
2010,8,18,734368,NaN,NaN,NaN,NaN,NaN,NaN,NaN,NaN,NaN,NaN
2010,8,19,734369,NaN,NaN,NaN,NaN,NaN,NaN,NaN,NaN,NaN,NaN
2010,8,20,734370,NaN,NaN,NaN,NaN,NaN,NaN,NaN,NaN,NaN,NaN
2010,8,21,734371,NaN,NaN,NaN,NaN,NaN,NaN,NaN,NaN,NaN,NaN
2010,8,22,734372,NaN,NaN,NaN,NaN,NaN,NaN,NaN,NaN,NaN,NaN
2010,8,23,734373,NaN,NaN,NaN,NaN,NaN,NaN,NaN,NaN,NaN,NaN
2010,8,24,734374,NaN,NaN,NaN,NaN,NaN,NaN,NaN,NaN,NaN,NaN
2010,8,25,734375,NaN,NaN,NaN,NaN,NaN,NaN,NaN,NaN,NaN,NaN
2010,8,26,734376,NaN,NaN,NaN,NaN,NaN,NaN,NaN,NaN,NaN,NaN
2010,8,27,734377,NaN,NaN,NaN,NaN,NaN,NaN,NaN,NaN,NaN,NaN
2010,8,28,734378,NaN,NaN,NaN,NaN,NaN,NaN,NaN,NaN,NaN,NaN
2010,8,29,734379,NaN,NaN,NaN,NaN,NaN,NaN,NaN,NaN,NaN,NaN
2010,8,30,734380,NaN,NaN,NaN,NaN,NaN,NaN,NaN,NaN,NaN,NaN
2010,8,31,734381,NaN,NaN,NaN,NaN,NaN,NaN,NaN,NaN,NaN,NaN
2010,9,1,734382,NaN,NaN,NaN,NaN,NaN,NaN,NaN,NaN,NaN,NaN
2010,9,2,734383,NaN,NaN,NaN,NaN,NaN,NaN,NaN,NaN,NaN,NaN
2010,9,3,734384,NaN,NaN,NaN,NaN,NaN,NaN,NaN,NaN,NaN,NaN
2010,9,4,734385,NaN,NaN,NaN,NaN,NaN,NaN,NaN,NaN,NaN,NaN
2010,9,5,734386,NaN,NaN,NaN,NaN,NaN,NaN,NaN,NaN,NaN,NaN
2010,9,6,734387,NaN,NaN,NaN,NaN,NaN,NaN,NaN,NaN,NaN,NaN
2010,9,7,734388,NaN,NaN,NaN,NaN,NaN,NaN,NaN,NaN,NaN,NaN
2010,9,8,734389,NaN,NaN,NaN,NaN,NaN,NaN,NaN,NaN,NaN,NaN
2010,9,9,734390,NaN,NaN,NaN,NaN,NaN,NaN,NaN,NaN,NaN,NaN
2010,9,10,734391,NaN,NaN,NaN,NaN,NaN,NaN,NaN,NaN,NaN,NaN
2010,9,11,734392,NaN,NaN,NaN,NaN,NaN,NaN,NaN,NaN,NaN,NaN
2010,9,12,734393,NaN,NaN,NaN,NaN,NaN,NaN,NaN,NaN,NaN,NaN
2010,9,13,734394,NaN,NaN,NaN,NaN,NaN,NaN,NaN,NaN,NaN,NaN
2010,9,14,734395,NaN,NaN,NaN,NaN,NaN,NaN,NaN,NaN,NaN,NaN
2010,9,15,734396,NaN,NaN,NaN,NaN,NaN,NaN,NaN,NaN,NaN,NaN
2010,9,16,734397,NaN,NaN,NaN,NaN,NaN,NaN,NaN,NaN,NaN,NaN
2010,9,17,734398,NaN,NaN,NaN,NaN,NaN,NaN,NaN,NaN,NaN,NaN
2010,9,18,734399,NaN,NaN,NaN,NaN,NaN,NaN,NaN,NaN,NaN,NaN
2010,9,19,734400,NaN,NaN,NaN,NaN,NaN,NaN,NaN,NaN,NaN,NaN
2010,9,20,734401,NaN,NaN,NaN,NaN,NaN,NaN,NaN,NaN,NaN,NaN
2010,9,21,734402,NaN,NaN,NaN,NaN,NaN,NaN,NaN,NaN,NaN,NaN
2010,9,22,734403,NaN,NaN,NaN,NaN,NaN,NaN,NaN,NaN,NaN,NaN
2010,9,23,734404,NaN,NaN,NaN,NaN,NaN,NaN,NaN,NaN,NaN,NaN
2010,9,24,734405,NaN,NaN,NaN,NaN,NaN,NaN,NaN,NaN,NaN,NaN
2010,9,25,734406,NaN,NaN,NaN,NaN,NaN,NaN,NaN,NaN,NaN,NaN
2010,9,26,734407,NaN,NaN,NaN,NaN,NaN,NaN,NaN,NaN,NaN,NaN
2010,9,27,734408,NaN,NaN,NaN,NaN,NaN,NaN,NaN,NaN,NaN,NaN
2010,9,28,734409,NaN,NaN,NaN,NaN,NaN,NaN,NaN,NaN,NaN,NaN
2010,9,29,734410,NaN,NaN,NaN,NaN,NaN,NaN,NaN,NaN,NaN,NaN
2010,9,30,734411,NaN,NaN,NaN,NaN,NaN,NaN,NaN,NaN,NaN,NaN
2010,10,1,734412,NaN,NaN,NaN,NaN,NaN,NaN,NaN,NaN,NaN,NaN
2010,10,2,734413,NaN,NaN,NaN,NaN,NaN,NaN,NaN,NaN,NaN,NaN
2010,10,3,734414,NaN,NaN,NaN,NaN,NaN,NaN,NaN,NaN,NaN,NaN
2010,10,4,734415,NaN,NaN,NaN,NaN,NaN,NaN,NaN,NaN,NaN,NaN
2010,10,5,734416,NaN,NaN,NaN,NaN,NaN,NaN,NaN,NaN,NaN,NaN
2010,10,6,734417,NaN,NaN,NaN,NaN,NaN,NaN,NaN,NaN,NaN,NaN
2010,10,7,734418,NaN,NaN,NaN,NaN,NaN,NaN,NaN,NaN,NaN,NaN
2010,10,8,734419,NaN,NaN,NaN,NaN,NaN,NaN,NaN,NaN,NaN,NaN
2010,10,9,734420,NaN,NaN,NaN,NaN,NaN,NaN,NaN,NaN,NaN,NaN
2010,10,10,734421,NaN,NaN,NaN,NaN,NaN,NaN,NaN,NaN,NaN,NaN
2010,10,11,734422,NaN,NaN,NaN,NaN,NaN,NaN,NaN,NaN,NaN,NaN
2010,10,12,734423,NaN,NaN,NaN,NaN,NaN,NaN,NaN,NaN,NaN,NaN
2010,10,13,734424,NaN,NaN,NaN,NaN,NaN,NaN,NaN,NaN,NaN,NaN
2010,10,14,734425,NaN,NaN,NaN,NaN,NaN,NaN,NaN,NaN,NaN,NaN
2010,10,15,734426,NaN,NaN,NaN,NaN,NaN,NaN,NaN,NaN,NaN,NaN
2010,10,16,734427,NaN,NaN,NaN,NaN,NaN,NaN,NaN,NaN,NaN,NaN
2010,10,17,734428,NaN,NaN,NaN,NaN,NaN,NaN,NaN,NaN,NaN,NaN
2010,10,18,734429,NaN,NaN,NaN,NaN,NaN,NaN,NaN,NaN,NaN,NaN
2010,10,19,734430,NaN,NaN,NaN,NaN,NaN,NaN,NaN,NaN,NaN,NaN
2010,10,20,734431,NaN,NaN,NaN,NaN,NaN,NaN,NaN,NaN,NaN,NaN
2010,10,21,734432,NaN,NaN,NaN,NaN,NaN,NaN,NaN,NaN,NaN,NaN
2010,10,22,734433,NaN,NaN,NaN,NaN,NaN,NaN,NaN,NaN,NaN,NaN
2010,10,23,734434,NaN,NaN,NaN,NaN,NaN,NaN,NaN,NaN,NaN,NaN
2010,10,24,734435,NaN,NaN,NaN,NaN,NaN,NaN,NaN,NaN,NaN,NaN
2010,10,25,734436,NaN,NaN,NaN,NaN,NaN,NaN,NaN,NaN,NaN,NaN
2010,10,26,734437,NaN,NaN,NaN,NaN,NaN,NaN,NaN,NaN,NaN,NaN
2010,10,27,734438,NaN,NaN,NaN,NaN,NaN,NaN,NaN,NaN,NaN,NaN
2010,10,28,734439,NaN,NaN,NaN,NaN,NaN,NaN,NaN,NaN,NaN,NaN
2010,10,29,734440,NaN,NaN,NaN,NaN,NaN,NaN,NaN,NaN,NaN,NaN
2010,10,30,734441,NaN,NaN,NaN,NaN,NaN,NaN,NaN,NaN,NaN,NaN
2010,10,31,734442,NaN,NaN,NaN,NaN,NaN,NaN,NaN,NaN,NaN,NaN
2010,11,1,734443,NaN,NaN,NaN,NaN,NaN,NaN,NaN,NaN,NaN,NaN
2010,11,2,734444,NaN,NaN,NaN,NaN,NaN,NaN,NaN,NaN,NaN,NaN
2010,11,3,734445,NaN,NaN,NaN,NaN,NaN,NaN,NaN,NaN,NaN,NaN
2010,11,4,734446,NaN,NaN,NaN,NaN,NaN,NaN,NaN,NaN,NaN,NaN
2010,11,5,734447,NaN,NaN,NaN,NaN,NaN,NaN,NaN,NaN,NaN,NaN
2010,11,6,734448,NaN,NaN,NaN,NaN,NaN,NaN,NaN,NaN,NaN,NaN
2010,11,7,734449,NaN,NaN,NaN,NaN,NaN,NaN,NaN,NaN,NaN,NaN
2010,11,8,734450,NaN,NaN,NaN,NaN,NaN,NaN,NaN,NaN,NaN,NaN
2010,11,9,734451,NaN,NaN,NaN,NaN,NaN,NaN,NaN,NaN,NaN,NaN
2010,11,10,734452,NaN,NaN,NaN,NaN,NaN,NaN,NaN,NaN,NaN,NaN
2010,11,11,734453,NaN,NaN,NaN,NaN,NaN,NaN,NaN,NaN,NaN,NaN
2010,11,12,734454,NaN,NaN,NaN,NaN,NaN,NaN,NaN,NaN,NaN,NaN
2010,11,13,734455,NaN,NaN,NaN,NaN,NaN,NaN,NaN,NaN,NaN,NaN
2010,11,14,734456,NaN,NaN,NaN,NaN,NaN,NaN,NaN,NaN,NaN,NaN
2010,11,15,734457,NaN,NaN,NaN,NaN,NaN,NaN,NaN,NaN,NaN,NaN
2010,11,16,734458,NaN,NaN,NaN,NaN,NaN,NaN,NaN,NaN,NaN,NaN
2010,11,17,734459,NaN,NaN,NaN,NaN,NaN,NaN,NaN,NaN,NaN,NaN
2010,11,18,734460,NaN,NaN,NaN,NaN,NaN,NaN,NaN,NaN,NaN,NaN
2010,11,19,734461,NaN,NaN,NaN,NaN,NaN,NaN,NaN,NaN,NaN,NaN
2010,11,20,734462,NaN,NaN,NaN,NaN,NaN,NaN,NaN,NaN,NaN,NaN
2010,11,21,734463,NaN,NaN,NaN,NaN,NaN,NaN,NaN,NaN,NaN,NaN
2010,11,22,734464,NaN,NaN,NaN,NaN,NaN,NaN,NaN,NaN,NaN,NaN
2010,11,23,734465,NaN,NaN,NaN,NaN,NaN,NaN,NaN,NaN,NaN,NaN
2010,11,24,734466,NaN,NaN,NaN,NaN,NaN,NaN,NaN,NaN,NaN,NaN
2010,11,25,734467,NaN,NaN,NaN,NaN,NaN,NaN,NaN,NaN,NaN,NaN
2010,11,26,734468,NaN,NaN,NaN,NaN,NaN,NaN,NaN,NaN,NaN,NaN
2010,11,27,734469,NaN,NaN,NaN,NaN,NaN,NaN,NaN,NaN,NaN,NaN
2010,11,28,734470,NaN,NaN,NaN,NaN,NaN,NaN,NaN,NaN,NaN,NaN
2010,11,29,734471,NaN,NaN,NaN,NaN,NaN,NaN,NaN,NaN,NaN,NaN
2010,11,30,734472,NaN,NaN,NaN,NaN,NaN,NaN,NaN,NaN,NaN,NaN
2010,12,1,734473,NaN,NaN,NaN,NaN,NaN,NaN,NaN,NaN,NaN,NaN
2010,12,2,734474,NaN,NaN,NaN,NaN,NaN,NaN,NaN,NaN,NaN,NaN
2010,12,3,734475,NaN,NaN,NaN,NaN,NaN,NaN,NaN,NaN,NaN,NaN
2010,12,4,734476,NaN,NaN,NaN,NaN,NaN,NaN,NaN,NaN,NaN,NaN
2010,12,5,734477,NaN,NaN,NaN,NaN,NaN,NaN,NaN,NaN,NaN,NaN
2010,12,6,734478,NaN,NaN,NaN,NaN,NaN,NaN,NaN,NaN,NaN,NaN
2010,12,7,734479,NaN,NaN,NaN,NaN,NaN,NaN,NaN,NaN,NaN,NaN
2010,12,8,734480,NaN,NaN,NaN,NaN,NaN,NaN,NaN,NaN,NaN,NaN
2010,12,9,734481,NaN,NaN,NaN,NaN,NaN,NaN,NaN,NaN,NaN,NaN
2010,12,10,734482,NaN,NaN,NaN,NaN,NaN,NaN,NaN,NaN,NaN,NaN
2010,12,11,734483,NaN,NaN,NaN,NaN,NaN,NaN,NaN,NaN,NaN,NaN
2010,12,12,734484,NaN,NaN,NaN,NaN,NaN,NaN,NaN,NaN,NaN,NaN
2010,12,13,734485,NaN,NaN,NaN,NaN,NaN,NaN,NaN,NaN,NaN,NaN
2010,12,14,734486,NaN,NaN,NaN,NaN,NaN,NaN,NaN,NaN,NaN,NaN
2010,12,15,734487,NaN,NaN,NaN,NaN,NaN,NaN,NaN,NaN,NaN,NaN
2010,12,16,734488,NaN,NaN,NaN,NaN,NaN,NaN,NaN,NaN,NaN,NaN
2010,12,17,734489,NaN,NaN,NaN,NaN,NaN,NaN,NaN,NaN,NaN,NaN
2010,12,18,734490,NaN,NaN,NaN,NaN,NaN,NaN,NaN,NaN,NaN,NaN
2010,12,19,734491,NaN,NaN,NaN,NaN,NaN,NaN,NaN,NaN,NaN,NaN
2010,12,20,734492,NaN,NaN,NaN,NaN,NaN,NaN,NaN,NaN,NaN,NaN
2010,12,21,734493,NaN,NaN,NaN,NaN,NaN,NaN,NaN,NaN,NaN,NaN
2010,12,22,734494,NaN,NaN,NaN,NaN,NaN,NaN,NaN,NaN,NaN,NaN
2010,12,23,734495,NaN,NaN,NaN,NaN,NaN,NaN,NaN,NaN,NaN,NaN
2010,12,24,734496,NaN,NaN,NaN,NaN,NaN,NaN,NaN,NaN,NaN,NaN
2010,12,25,734497,NaN,NaN,NaN,NaN,NaN,NaN,NaN,NaN,NaN,NaN
2010,12,26,734498,NaN,NaN,NaN,NaN,NaN,NaN,NaN,NaN,NaN,NaN
2010,12,27,734499,NaN,NaN,NaN,NaN,NaN,NaN,NaN,NaN,NaN,NaN
2010,12,28,734500,NaN,NaN,NaN,NaN,NaN,NaN,NaN,NaN,NaN,NaN
2010,12,29,734501,NaN,NaN,NaN,NaN,NaN,NaN,NaN,NaN,NaN,NaN
2010,12,30,734502,NaN,NaN,NaN,NaN,NaN,NaN,NaN,NaN,NaN,NaN
2010,12,31,734503,NaN,NaN,NaN,NaN,NaN,NaN,NaN,NaN,NaN,NaN
2011,1,1,734504,NaN,NaN,NaN,NaN,NaN,NaN,NaN,NaN,NaN,NaN
2011,1,2,734505,NaN,NaN,NaN,NaN,NaN,NaN,NaN,NaN,NaN,NaN
2011,1,3,734506,NaN,NaN,NaN,NaN,NaN,NaN,NaN,NaN,NaN,NaN
2011,1,4,734507,NaN,NaN,NaN,NaN,NaN,NaN,NaN,NaN,NaN,NaN
2011,1,5,734508,NaN,NaN,NaN,NaN,NaN,NaN,NaN,NaN,NaN,NaN
2011,1,6,734509,NaN,NaN,NaN,NaN,NaN,NaN,NaN,NaN,NaN,NaN
2011,1,7,734510,NaN,NaN,NaN,NaN,NaN,NaN,NaN,NaN,NaN,NaN
2011,1,8,734511,NaN,NaN,NaN,NaN,NaN,NaN,NaN,NaN,NaN,NaN
2011,1,9,734512,NaN,NaN,NaN,NaN,NaN,NaN,NaN,NaN,NaN,NaN
2011,1,10,734513,NaN,NaN,NaN,NaN,NaN,NaN,NaN,NaN,NaN,NaN
2011,1,11,734514,NaN,NaN,NaN,NaN,NaN,NaN,NaN,NaN,NaN,NaN
2011,1,12,734515,NaN,NaN,NaN,NaN,NaN,NaN,NaN,NaN,NaN,NaN
2011,1,13,734516,NaN,NaN,NaN,NaN,NaN,NaN,NaN,NaN,NaN,NaN
2011,1,14,734517,NaN,NaN,NaN,NaN,NaN,NaN,NaN,NaN,NaN,NaN
2011,1,15,734518,NaN,NaN,NaN,NaN,NaN,NaN,NaN,NaN,NaN,NaN
2011,1,16,734519,NaN,NaN,NaN,NaN,NaN,NaN,NaN,NaN,NaN,NaN
2011,1,17,734520,NaN,NaN,NaN,NaN,NaN,NaN,NaN,NaN,NaN,NaN
2011,1,18,734521,NaN,NaN,NaN,NaN,NaN,NaN,NaN,NaN,NaN,NaN
2011,1,19,734522,NaN,NaN,NaN,NaN,NaN,NaN,NaN,NaN,NaN,NaN
2011,1,20,734523,NaN,NaN,NaN,NaN,NaN,NaN,NaN,NaN,NaN,NaN
2011,1,21,734524,NaN,NaN,NaN,NaN,NaN,NaN,NaN,NaN,NaN,NaN
2011,1,22,734525,NaN,NaN,NaN,NaN,NaN,NaN,NaN,NaN,NaN,NaN
2011,1,23,734526,NaN,NaN,NaN,NaN,NaN,NaN,NaN,NaN,NaN,NaN
2011,1,24,734527,NaN,NaN,NaN,NaN,NaN,NaN,NaN,NaN,NaN,NaN
2011,1,25,734528,NaN,NaN,NaN,NaN,NaN,NaN,NaN,NaN,NaN,NaN
2011,1,26,734529,NaN,NaN,NaN,NaN,NaN,NaN,NaN,NaN,NaN,NaN
2011,1,27,734530,NaN,NaN,NaN,NaN,NaN,NaN,NaN,NaN,NaN,NaN
2011,1,28,734531,NaN,NaN,NaN,NaN,NaN,NaN,NaN,NaN,NaN,NaN
2011,1,29,734532,NaN,NaN,NaN,NaN,NaN,NaN,NaN,NaN,NaN,NaN
2011,1,30,734533,NaN,NaN,NaN,NaN,NaN,NaN,NaN,NaN,NaN,NaN
2011,1,31,734534,NaN,NaN,NaN,NaN,NaN,NaN,NaN,NaN,NaN,NaN
2011,2,1,734535,NaN,NaN,NaN,NaN,NaN,NaN,NaN,NaN,NaN,NaN
2011,2,2,734536,NaN,NaN,NaN,NaN,NaN,NaN,NaN,NaN,NaN,NaN
2011,2,3,734537,NaN,NaN,NaN,NaN,NaN,NaN,NaN,NaN,NaN,NaN
2011,2,4,734538,NaN,NaN,NaN,NaN,NaN,NaN,NaN,NaN,NaN,NaN
2011,2,5,734539,NaN,NaN,NaN,NaN,NaN,NaN,NaN,NaN,NaN,NaN
2011,2,6,734540,NaN,NaN,NaN,NaN,NaN,NaN,NaN,NaN,NaN,NaN
2011,2,7,734541,NaN,NaN,NaN,NaN,NaN,NaN,NaN,NaN,NaN,NaN
2011,2,8,734542,NaN,NaN,NaN,NaN,NaN,NaN,NaN,NaN,NaN,NaN
2011,2,9,734543,NaN,NaN,NaN,NaN,NaN,NaN,NaN,NaN,NaN,NaN
2011,2,10,734544,NaN,NaN,NaN,NaN,NaN,NaN,NaN,NaN,NaN,NaN
2011,2,11,734545,NaN,NaN,NaN,NaN,NaN,NaN,NaN,NaN,NaN,NaN
2011,2,12,734546,NaN,NaN,NaN,NaN,NaN,NaN,NaN,NaN,NaN,NaN
2011,2,13,734547,NaN,NaN,NaN,NaN,NaN,NaN,NaN,NaN,NaN,NaN
2011,2,14,734548,NaN,NaN,NaN,NaN,NaN,NaN,NaN,NaN,NaN,NaN
2011,2,15,734549,NaN,NaN,NaN,NaN,NaN,NaN,NaN,NaN,NaN,NaN
2011,2,16,734550,NaN,NaN,NaN,NaN,NaN,NaN,NaN,NaN,NaN,NaN
2011,2,17,734551,NaN,NaN,NaN,NaN,NaN,NaN,NaN,NaN,NaN,NaN
2011,2,18,734552,NaN,NaN,NaN,NaN,NaN,NaN,NaN,NaN,NaN,NaN
2011,2,19,734553,NaN,NaN,NaN,NaN,NaN,NaN,NaN,NaN,NaN,NaN
2011,2,20,734554,NaN,NaN,NaN,NaN,NaN,NaN,NaN,NaN,NaN,NaN
2011,2,21,734555,NaN,NaN,NaN,NaN,NaN,NaN,NaN,NaN,NaN,NaN
2011,2,22,734556,NaN,NaN,NaN,NaN,NaN,NaN,NaN,NaN,NaN,NaN
2011,2,23,734557,NaN,NaN,NaN,NaN,NaN,NaN,NaN,NaN,NaN,NaN
2011,2,24,734558,NaN,NaN,NaN,NaN,NaN,NaN,NaN,NaN,NaN,NaN
2011,2,25,734559,NaN,NaN,NaN,NaN,NaN,NaN,NaN,NaN,NaN,NaN
2011,2,26,734560,NaN,NaN,NaN,NaN,NaN,NaN,NaN,NaN,NaN,NaN
2011,2,27,734561,NaN,NaN,NaN,NaN,NaN,NaN,NaN,NaN,NaN,NaN
2011,2,28,734562,NaN,NaN,NaN,NaN,NaN,NaN,NaN,NaN,NaN,NaN
2011,3,1,734563,NaN,NaN,NaN,NaN,NaN,NaN,NaN,NaN,NaN,NaN
2011,3,2,734564,NaN,NaN,NaN,NaN,NaN,NaN,NaN,NaN,NaN,NaN
2011,3,3,734565,NaN,NaN,NaN,NaN,NaN,NaN,NaN,NaN,NaN,NaN
2011,3,4,734566,NaN,NaN,NaN,NaN,NaN,NaN,NaN,NaN,NaN,NaN
2011,3,5,734567,NaN,NaN,NaN,NaN,NaN,NaN,NaN,NaN,NaN,NaN
2011,3,6,734568,NaN,NaN,NaN,NaN,NaN,NaN,NaN,NaN,NaN,NaN
2011,3,7,734569,NaN,NaN,NaN,NaN,NaN,NaN,NaN,NaN,NaN,NaN
2011,3,8,734570,NaN,NaN,NaN,NaN,NaN,NaN,NaN,NaN,NaN,NaN
2011,3,9,734571,NaN,NaN,NaN,NaN,NaN,NaN,NaN,NaN,NaN,NaN
2011,3,10,734572,NaN,NaN,NaN,NaN,NaN,NaN,NaN,NaN,NaN,NaN
2011,3,11,734573,NaN,NaN,NaN,NaN,NaN,NaN,NaN,NaN,NaN,NaN
2011,3,12,734574,NaN,NaN,NaN,NaN,NaN,NaN,NaN,NaN,NaN,NaN
2011,3,13,734575,NaN,NaN,NaN,NaN,NaN,NaN,NaN,NaN,NaN,NaN
2011,3,14,734576,NaN,NaN,NaN,NaN,NaN,NaN,NaN,NaN,NaN,NaN
2011,3,15,734577,NaN,NaN,NaN,NaN,NaN,NaN,NaN,NaN,NaN,NaN
2011,3,16,734578,NaN,NaN,NaN,NaN,NaN,NaN,NaN,NaN,NaN,NaN
2011,3,17,734579,NaN,NaN,NaN,NaN,NaN,NaN,NaN,NaN,NaN,NaN
2011,3,18,734580,NaN,NaN,NaN,NaN,NaN,NaN,NaN,NaN,NaN,NaN
2011,3,19,734581,NaN,NaN,NaN,NaN,NaN,NaN,NaN,NaN,NaN,NaN
2011,3,20,734582,NaN,NaN,NaN,NaN,NaN,NaN,NaN,NaN,NaN,NaN
2011,3,21,734583,NaN,NaN,NaN,NaN,NaN,NaN,NaN,NaN,NaN,NaN
2011,3,22,734584,NaN,NaN,NaN,NaN,NaN,NaN,NaN,NaN,NaN,NaN
2011,3,23,734585,NaN,NaN,NaN,NaN,NaN,NaN,NaN,NaN,NaN,NaN
2011,3,24,734586,NaN,NaN,NaN,NaN,NaN,NaN,NaN,NaN,NaN,NaN
2011,3,25,734587,NaN,NaN,NaN,NaN,NaN,NaN,NaN,NaN,NaN,NaN
2011,3,26,734588,NaN,NaN,NaN,NaN,NaN,NaN,NaN,NaN,NaN,NaN
2011,3,27,734589,NaN,NaN,NaN,NaN,NaN,NaN,NaN,NaN,NaN,NaN
2011,3,28,734590,NaN,NaN,NaN,NaN,NaN,NaN,NaN,NaN,NaN,NaN
2011,3,29,734591,NaN,NaN,NaN,NaN,NaN,NaN,NaN,NaN,NaN,NaN
2011,3,30,734592,NaN,NaN,NaN,NaN,NaN,NaN,NaN,NaN,NaN,NaN
2011,3,31,734593,NaN,NaN,NaN,NaN,NaN,NaN,NaN,NaN,NaN,NaN
2011,4,1,734594,NaN,NaN,NaN,NaN,NaN,NaN,NaN,NaN,NaN,NaN
2011,4,2,734595,NaN,NaN,NaN,NaN,NaN,NaN,NaN,NaN,NaN,NaN
2011,4,3,734596,NaN,NaN,NaN,NaN,NaN,NaN,NaN,NaN,NaN,NaN
2011,4,4,734597,NaN,NaN,NaN,NaN,NaN,NaN,NaN,NaN,NaN,NaN
2011,4,5,734598,NaN,NaN,NaN,NaN,NaN,NaN,NaN,NaN,NaN,NaN
2011,4,6,734599,NaN,NaN,NaN,NaN,NaN,NaN,NaN,NaN,NaN,NaN
2011,4,7,734600,NaN,NaN,NaN,NaN,NaN,NaN,NaN,NaN,NaN,NaN
2011,4,8,734601,NaN,NaN,NaN,NaN,NaN,NaN,NaN,NaN,NaN,NaN
2011,4,9,734602,NaN,NaN,NaN,NaN,NaN,NaN,NaN,NaN,NaN,NaN
2011,4,10,734603,NaN,NaN,NaN,NaN,NaN,NaN,NaN,NaN,NaN,NaN
2011,4,11,734604,NaN,NaN,NaN,NaN,NaN,NaN,NaN,NaN,NaN,NaN
2011,4,12,734605,NaN,NaN,NaN,NaN,NaN,NaN,NaN,NaN,NaN,NaN
2011,4,13,734606,NaN,NaN,NaN,NaN,NaN,NaN,NaN,NaN,NaN,NaN
2011,4,14,734607,NaN,NaN,NaN,NaN,NaN,NaN,NaN,NaN,NaN,NaN
2011,4,15,734608,NaN,NaN,NaN,NaN,NaN,NaN,NaN,NaN,NaN,NaN
2011,4,16,734609,NaN,NaN,NaN,NaN,NaN,NaN,NaN,NaN,NaN,NaN
2011,4,17,734610,NaN,NaN,NaN,NaN,NaN,NaN,NaN,NaN,NaN,NaN
2011,4,18,734611,NaN,NaN,NaN,NaN,NaN,NaN,NaN,NaN,NaN,NaN
2011,4,19,734612,NaN,NaN,NaN,NaN,NaN,NaN,NaN,NaN,NaN,NaN
2011,4,20,734613,NaN,NaN,NaN,NaN,NaN,NaN,NaN,NaN,NaN,NaN
2011,4,21,734614,NaN,NaN,NaN,NaN,NaN,NaN,NaN,NaN,NaN,NaN
2011,4,22,734615,NaN,NaN,NaN,NaN,NaN,NaN,NaN,NaN,NaN,NaN
2011,4,23,734616,NaN,NaN,NaN,NaN,NaN,NaN,NaN,NaN,NaN,NaN
2011,4,24,734617,NaN,NaN,NaN,NaN,NaN,NaN,NaN,NaN,NaN,NaN
2011,4,25,734618,NaN,NaN,NaN,NaN,NaN,NaN,NaN,NaN,NaN,NaN
2011,4,26,734619,NaN,NaN,NaN,NaN,NaN,NaN,NaN,NaN,NaN,NaN
2011,4,27,734620,NaN,NaN,NaN,NaN,NaN,NaN,NaN,NaN,NaN,NaN
2011,4,28,734621,NaN,NaN,NaN,NaN,NaN,NaN,NaN,NaN,NaN,NaN
2011,4,29,734622,NaN,NaN,NaN,NaN,NaN,NaN,NaN,NaN,NaN,NaN
2011,4,30,734623,NaN,NaN,NaN,NaN,NaN,NaN,NaN,NaN,NaN,NaN
2011,5,1,734624,NaN,NaN,NaN,NaN,NaN,NaN,NaN,NaN,NaN,NaN
2011,5,2,734625,NaN,NaN,NaN,NaN,NaN,NaN,NaN,NaN,NaN,NaN
2011,5,3,734626,NaN,NaN,NaN,NaN,NaN,NaN,NaN,NaN,NaN,NaN
2011,5,4,734627,NaN,NaN,NaN,NaN,NaN,NaN,NaN,NaN,NaN,NaN
2011,5,5,734628,NaN,NaN,NaN,NaN,NaN,NaN,NaN,NaN,NaN,NaN
2011,5,6,734629,NaN,NaN,NaN,NaN,NaN,NaN,NaN,NaN,NaN,NaN
2011,5,7,734630,NaN,NaN,NaN,NaN,NaN,NaN,NaN,NaN,NaN,NaN
2011,5,8,734631,NaN,NaN,NaN,NaN,NaN,NaN,NaN,NaN,NaN,NaN
2011,5,9,734632,NaN,NaN,NaN,NaN,NaN,NaN,NaN,NaN,NaN,NaN
2011,5,10,734633,NaN,NaN,NaN,NaN,NaN,NaN,NaN,NaN,NaN,NaN
2011,5,11,734634,NaN,NaN,NaN,NaN,NaN,NaN,NaN,NaN,NaN,NaN
2011,5,12,734635,NaN,NaN,NaN,NaN,NaN,NaN,NaN,NaN,NaN,NaN
2011,5,13,734636,NaN,NaN,NaN,NaN,NaN,NaN,NaN,NaN,NaN,NaN
2011,5,14,734637,NaN,NaN,NaN,NaN,NaN,NaN,NaN,NaN,NaN,NaN
2011,5,15,734638,NaN,NaN,NaN,NaN,NaN,NaN,NaN,NaN,NaN,NaN
2011,5,16,734639,NaN,NaN,NaN,NaN,NaN,NaN,NaN,NaN,NaN,NaN
2011,5,17,734640,NaN,NaN,NaN,NaN,NaN,NaN,NaN,NaN,NaN,NaN
2011,5,18,734641,NaN,NaN,NaN,NaN,NaN,NaN,NaN,NaN,NaN,NaN
2011,5,19,734642,NaN,NaN,NaN,NaN,NaN,NaN,NaN,NaN,NaN,NaN
2011,5,20,734643,NaN,NaN,NaN,NaN,NaN,NaN,NaN,NaN,NaN,NaN
2011,5,21,734644,NaN,NaN,NaN,NaN,NaN,NaN,NaN,NaN,NaN,NaN
2011,5,22,734645,NaN,NaN,NaN,NaN,NaN,NaN,NaN,NaN,NaN,NaN
2011,5,23,734646,NaN,NaN,NaN,NaN,NaN,NaN,NaN,NaN,NaN,NaN
2011,5,24,734647,NaN,NaN,NaN,NaN,NaN,NaN,NaN,NaN,NaN,NaN
2011,5,25,734648,NaN,NaN,NaN,NaN,NaN,NaN,NaN,NaN,NaN,NaN
2011,5,26,734649,NaN,NaN,NaN,NaN,NaN,NaN,NaN,NaN,NaN,NaN
2011,5,27,734650,NaN,NaN,NaN,NaN,NaN,NaN,NaN,NaN,NaN,NaN
2011,5,28,734651,NaN,NaN,NaN,NaN,NaN,NaN,NaN,NaN,NaN,NaN
2011,5,29,734652,NaN,NaN,NaN,NaN,NaN,NaN,NaN,NaN,NaN,NaN
2011,5,30,734653,NaN,NaN,NaN,NaN,NaN,NaN,NaN,NaN,NaN,NaN
2011,5,31,734654,NaN,NaN,NaN,NaN,NaN,NaN,NaN,NaN,NaN,NaN
2011,6,1,734655,NaN,NaN,NaN,NaN,NaN,NaN,NaN,NaN,NaN,NaN
2011,6,2,734656,NaN,NaN,NaN,NaN,NaN,NaN,NaN,NaN,NaN,NaN
2011,6,3,734657,NaN,NaN,NaN,NaN,NaN,NaN,NaN,NaN,NaN,NaN
2011,6,4,734658,NaN,NaN,NaN,NaN,NaN,NaN,NaN,NaN,NaN,NaN
2011,6,5,734659,NaN,NaN,NaN,NaN,NaN,NaN,NaN,NaN,NaN,NaN
2011,6,6,734660,NaN,NaN,NaN,NaN,NaN,NaN,NaN,NaN,NaN,NaN
2011,6,7,734661,NaN,NaN,NaN,NaN,NaN,NaN,NaN,NaN,NaN,NaN
2011,6,8,734662,NaN,NaN,NaN,NaN,NaN,NaN,NaN,NaN,NaN,NaN
2011,6,9,734663,NaN,NaN,NaN,NaN,NaN,NaN,NaN,NaN,NaN,NaN
2011,6,10,734664,NaN,NaN,NaN,NaN,NaN,NaN,NaN,NaN,NaN,NaN
2011,6,11,734665,NaN,NaN,NaN,NaN,NaN,NaN,NaN,NaN,NaN,NaN
2011,6,12,734666,NaN,NaN,NaN,NaN,NaN,NaN,NaN,NaN,NaN,NaN
2011,6,13,734667,NaN,NaN,NaN,NaN,NaN,NaN,NaN,NaN,NaN,NaN
2011,6,14,734668,NaN,NaN,NaN,NaN,NaN,NaN,NaN,NaN,NaN,NaN
2011,6,15,734669,NaN,NaN,NaN,NaN,NaN,NaN,NaN,NaN,NaN,NaN
2011,6,16,734670,NaN,NaN,NaN,NaN,NaN,NaN,NaN,NaN,NaN,NaN
2011,6,17,734671,NaN,NaN,NaN,NaN,NaN,NaN,NaN,NaN,NaN,NaN
2011,6,18,734672,NaN,NaN,NaN,NaN,NaN,NaN,NaN,NaN,NaN,NaN
2011,6,19,734673,NaN,NaN,NaN,NaN,NaN,NaN,NaN,NaN,NaN,NaN
2011,6,20,734674,NaN,NaN,NaN,NaN,NaN,NaN,NaN,NaN,NaN,NaN
2011,6,21,734675,NaN,NaN,NaN,NaN,NaN,NaN,NaN,NaN,NaN,NaN
2011,6,22,734676,NaN,NaN,NaN,NaN,NaN,NaN,NaN,NaN,NaN,NaN
2011,6,23,734677,NaN,NaN,NaN,NaN,NaN,NaN,NaN,NaN,NaN,NaN
2011,6,24,734678,NaN,NaN,NaN,NaN,NaN,NaN,NaN,NaN,NaN,NaN
2011,6,25,734679,NaN,NaN,NaN,NaN,NaN,NaN,NaN,NaN,NaN,NaN
2011,6,26,734680,NaN,NaN,NaN,NaN,NaN,NaN,NaN,NaN,NaN,NaN
2011,6,27,734681,NaN,NaN,NaN,NaN,NaN,NaN,NaN,NaN,NaN,NaN
2011,6,28,734682,NaN,NaN,NaN,NaN,NaN,NaN,NaN,NaN,NaN,NaN
2011,6,29,734683,NaN,NaN,NaN,NaN,NaN,NaN,NaN,NaN,NaN,NaN
2011,6,30,734684,NaN,NaN,NaN,NaN,NaN,NaN,NaN,NaN,NaN,NaN
2011,7,1,734685,NaN,NaN,NaN,NaN,NaN,NaN,NaN,NaN,NaN,NaN
2011,7,2,734686,NaN,NaN,NaN,NaN,NaN,NaN,NaN,NaN,NaN,NaN
2011,7,3,734687,NaN,NaN,NaN,NaN,NaN,NaN,NaN,NaN,NaN,NaN
2011,7,4,734688,NaN,NaN,NaN,NaN,NaN,NaN,NaN,NaN,NaN,NaN
2011,7,5,734689,NaN,NaN,NaN,NaN,NaN,NaN,NaN,NaN,NaN,NaN
2011,7,6,734690,NaN,NaN,NaN,NaN,NaN,NaN,NaN,NaN,NaN,NaN
2011,7,7,734691,NaN,NaN,NaN,NaN,NaN,NaN,NaN,NaN,NaN,NaN
2011,7,8,734692,NaN,NaN,NaN,NaN,NaN,NaN,NaN,NaN,NaN,NaN
2011,7,9,734693,NaN,NaN,NaN,NaN,NaN,NaN,NaN,NaN,NaN,NaN
2011,7,10,734694,NaN,NaN,NaN,NaN,NaN,NaN,NaN,NaN,NaN,NaN
2011,7,11,734695,NaN,NaN,NaN,NaN,NaN,NaN,NaN,NaN,NaN,NaN
2011,7,12,734696,NaN,NaN,NaN,NaN,NaN,NaN,NaN,NaN,NaN,NaN
2011,7,13,734697,NaN,NaN,NaN,NaN,NaN,NaN,NaN,NaN,NaN,NaN
2011,7,14,734698,NaN,NaN,NaN,NaN,NaN,NaN,NaN,NaN,NaN,NaN
2011,7,15,734699,NaN,NaN,NaN,NaN,NaN,NaN,NaN,NaN,NaN,NaN
2011,7,16,734700,NaN,NaN,NaN,NaN,NaN,NaN,NaN,NaN,NaN,NaN
2011,7,17,734701,NaN,NaN,NaN,NaN,NaN,NaN,NaN,NaN,NaN,NaN
2011,7,18,734702,NaN,NaN,NaN,NaN,NaN,NaN,NaN,NaN,NaN,NaN
2011,7,19,734703,NaN,NaN,NaN,NaN,NaN,NaN,NaN,NaN,NaN,NaN
2011,7,20,734704,NaN,NaN,NaN,NaN,NaN,NaN,NaN,NaN,NaN,NaN
2011,7,21,734705,NaN,NaN,NaN,NaN,NaN,NaN,NaN,NaN,NaN,NaN
2011,7,22,734706,NaN,NaN,NaN,NaN,NaN,NaN,NaN,NaN,NaN,NaN
2011,7,23,734707,NaN,NaN,NaN,NaN,NaN,NaN,NaN,NaN,NaN,NaN
2011,7,24,734708,NaN,NaN,NaN,NaN,NaN,NaN,NaN,NaN,NaN,NaN
2011,7,25,734709,NaN,NaN,NaN,NaN,NaN,NaN,NaN,NaN,NaN,NaN
2011,7,26,734710,NaN,NaN,NaN,NaN,NaN,NaN,NaN,NaN,NaN,NaN
2011,7,27,734711,NaN,NaN,NaN,NaN,NaN,NaN,NaN,NaN,NaN,NaN
2011,7,28,734712,NaN,NaN,NaN,NaN,NaN,NaN,NaN,NaN,NaN,NaN
2011,7,29,734713,NaN,NaN,NaN,NaN,NaN,NaN,NaN,NaN,NaN,NaN
2011,7,30,734714,NaN,NaN,NaN,NaN,NaN,NaN,NaN,NaN,NaN,NaN
2011,7,31,734715,NaN,NaN,NaN,NaN,NaN,NaN,NaN,NaN,NaN,NaN
2011,8,1,734716,NaN,NaN,NaN,NaN,NaN,NaN,NaN,NaN,NaN,NaN
2011,8,2,734717,NaN,NaN,NaN,NaN,NaN,NaN,NaN,NaN,NaN,NaN
2011,8,3,734718,NaN,NaN,NaN,NaN,NaN,NaN,NaN,NaN,NaN,NaN
2011,8,4,734719,NaN,NaN,NaN,NaN,NaN,NaN,NaN,NaN,NaN,NaN
2011,8,5,734720,NaN,NaN,NaN,NaN,NaN,NaN,NaN,NaN,NaN,NaN
2011,8,6,734721,NaN,NaN,NaN,NaN,NaN,NaN,NaN,NaN,NaN,NaN
2011,8,7,734722,NaN,NaN,NaN,NaN,NaN,NaN,NaN,NaN,NaN,NaN
2011,8,8,734723,NaN,NaN,NaN,NaN,NaN,NaN,NaN,NaN,NaN,NaN
2011,8,9,734724,NaN,NaN,NaN,NaN,NaN,NaN,NaN,NaN,NaN,NaN
2011,8,10,734725,NaN,NaN,NaN,NaN,NaN,NaN,NaN,NaN,NaN,NaN
2011,8,11,734726,NaN,NaN,NaN,NaN,NaN,NaN,NaN,NaN,NaN,NaN
2011,8,12,734727,NaN,NaN,NaN,NaN,NaN,NaN,NaN,NaN,NaN,NaN
2011,8,13,734728,NaN,NaN,NaN,NaN,NaN,NaN,NaN,NaN,NaN,NaN
2011,8,14,734729,NaN,NaN,NaN,NaN,NaN,NaN,NaN,NaN,NaN,NaN
2011,8,15,734730,NaN,NaN,NaN,NaN,NaN,NaN,NaN,NaN,NaN,NaN
2011,8,16,734731,NaN,NaN,NaN,NaN,NaN,NaN,NaN,NaN,NaN,NaN
2011,8,17,734732,NaN,NaN,NaN,NaN,NaN,NaN,NaN,NaN,NaN,NaN
2011,8,18,734733,NaN,NaN,NaN,NaN,NaN,NaN,NaN,NaN,NaN,NaN
2011,8,19,734734,NaN,NaN,NaN,NaN,NaN,NaN,NaN,NaN,NaN,NaN
2011,8,20,734735,NaN,NaN,NaN,NaN,NaN,NaN,NaN,NaN,NaN,NaN
2011,8,21,734736,NaN,NaN,NaN,NaN,NaN,NaN,NaN,NaN,NaN,NaN
2011,8,22,734737,NaN,NaN,NaN,NaN,NaN,NaN,NaN,NaN,NaN,NaN
2011,8,23,734738,NaN,NaN,NaN,NaN,NaN,NaN,NaN,NaN,NaN,NaN
2011,8,24,734739,NaN,NaN,NaN,NaN,NaN,NaN,NaN,NaN,NaN,NaN
2011,8,25,734740,NaN,NaN,NaN,NaN,NaN,NaN,NaN,NaN,NaN,NaN
2011,8,26,734741,NaN,NaN,NaN,NaN,NaN,NaN,NaN,NaN,NaN,NaN
2011,8,27,734742,NaN,NaN,NaN,NaN,NaN,NaN,NaN,NaN,NaN,NaN
2011,8,28,734743,NaN,NaN,NaN,NaN,NaN,NaN,NaN,NaN,NaN,NaN
2011,8,29,734744,NaN,NaN,NaN,NaN,NaN,NaN,NaN,NaN,NaN,NaN
2011,8,30,734745,NaN,NaN,NaN,NaN,NaN,NaN,NaN,NaN,NaN,NaN
2011,8,31,734746,NaN,NaN,NaN,NaN,NaN,NaN,NaN,NaN,NaN,NaN
2011,9,1,734747,NaN,NaN,NaN,NaN,NaN,NaN,NaN,NaN,NaN,NaN
2011,9,2,734748,NaN,NaN,NaN,NaN,NaN,NaN,NaN,NaN,NaN,NaN
2011,9,3,734749,NaN,NaN,NaN,NaN,NaN,NaN,NaN,NaN,NaN,NaN
2011,9,4,734750,NaN,NaN,NaN,NaN,NaN,NaN,NaN,NaN,NaN,NaN
2011,9,5,734751,NaN,NaN,NaN,NaN,NaN,NaN,NaN,NaN,NaN,NaN
2011,9,6,734752,NaN,NaN,NaN,NaN,NaN,NaN,NaN,NaN,NaN,NaN
2011,9,7,734753,NaN,NaN,NaN,NaN,NaN,NaN,NaN,NaN,NaN,NaN
2011,9,8,734754,NaN,NaN,NaN,NaN,NaN,NaN,NaN,NaN,NaN,NaN
2011,9,9,734755,NaN,NaN,NaN,NaN,NaN,NaN,NaN,NaN,NaN,NaN
2011,9,10,734756,NaN,NaN,NaN,NaN,NaN,NaN,NaN,NaN,NaN,NaN
2011,9,11,734757,NaN,NaN,NaN,NaN,NaN,NaN,NaN,NaN,NaN,NaN
2011,9,12,734758,NaN,NaN,NaN,NaN,NaN,NaN,NaN,NaN,NaN,NaN
2011,9,13,734759,NaN,NaN,NaN,NaN,NaN,NaN,NaN,NaN,NaN,NaN
2011,9,14,734760,NaN,NaN,NaN,NaN,NaN,NaN,NaN,NaN,NaN,NaN
2011,9,15,734761,NaN,NaN,NaN,NaN,NaN,NaN,NaN,NaN,NaN,NaN
2011,9,16,734762,NaN,NaN,NaN,NaN,NaN,NaN,NaN,NaN,NaN,NaN
2011,9,17,734763,NaN,NaN,NaN,NaN,NaN,NaN,NaN,NaN,NaN,NaN
2011,9,18,734764,NaN,NaN,NaN,NaN,NaN,NaN,NaN,NaN,NaN,NaN
2011,9,19,734765,NaN,NaN,NaN,NaN,NaN,NaN,NaN,NaN,NaN,NaN
2011,9,20,734766,NaN,NaN,NaN,NaN,NaN,NaN,NaN,NaN,NaN,NaN
2011,9,21,734767,NaN,NaN,NaN,NaN,NaN,NaN,NaN,NaN,NaN,NaN
2011,9,22,734768,NaN,NaN,NaN,NaN,NaN,NaN,NaN,NaN,NaN,NaN
2011,9,23,734769,NaN,NaN,NaN,NaN,NaN,NaN,NaN,NaN,NaN,NaN
2011,9,24,734770,NaN,NaN,NaN,NaN,NaN,NaN,NaN,NaN,NaN,NaN
2011,9,25,734771,NaN,NaN,NaN,NaN,NaN,NaN,NaN,NaN,NaN,NaN
2011,9,26,734772,NaN,NaN,NaN,NaN,NaN,NaN,NaN,NaN,NaN,NaN
2011,9,27,734773,NaN,NaN,NaN,NaN,NaN,NaN,NaN,NaN,NaN,NaN
2011,9,28,734774,NaN,NaN,NaN,NaN,NaN,NaN,NaN,NaN,NaN,NaN
2011,9,29,734775,NaN,NaN,NaN,NaN,NaN,NaN,NaN,NaN,NaN,NaN
2011,9,30,734776,NaN,NaN,NaN,NaN,NaN,NaN,NaN,NaN,NaN,NaN
2011,10,1,734777,NaN,NaN,NaN,NaN,NaN,NaN,NaN,NaN,NaN,NaN
2011,10,2,734778,NaN,NaN,NaN,NaN,NaN,NaN,NaN,NaN,NaN,NaN
2011,10,3,734779,NaN,NaN,NaN,NaN,NaN,NaN,NaN,NaN,NaN,NaN
2011,10,4,734780,NaN,NaN,NaN,NaN,NaN,NaN,NaN,NaN,NaN,NaN
2011,10,5,734781,NaN,NaN,NaN,NaN,NaN,NaN,NaN,NaN,NaN,NaN
2011,10,6,734782,NaN,NaN,NaN,NaN,NaN,NaN,NaN,NaN,NaN,NaN
2011,10,7,734783,NaN,NaN,NaN,NaN,NaN,NaN,NaN,NaN,NaN,NaN
2011,10,8,734784,NaN,NaN,NaN,NaN,NaN,NaN,NaN,NaN,NaN,NaN
2011,10,9,734785,NaN,NaN,NaN,NaN,NaN,NaN,NaN,NaN,NaN,NaN
2011,10,10,734786,NaN,NaN,NaN,NaN,NaN,NaN,NaN,NaN,NaN,NaN
2011,10,11,734787,NaN,NaN,NaN,NaN,NaN,NaN,NaN,NaN,NaN,NaN
2011,10,12,734788,NaN,NaN,NaN,NaN,NaN,NaN,NaN,NaN,NaN,NaN
2011,10,13,734789,NaN,NaN,NaN,NaN,NaN,NaN,NaN,NaN,NaN,NaN
2011,10,14,734790,NaN,NaN,NaN,NaN,NaN,NaN,NaN,NaN,NaN,NaN
2011,10,15,734791,NaN,NaN,NaN,NaN,NaN,NaN,NaN,NaN,NaN,NaN
2011,10,16,734792,NaN,NaN,NaN,NaN,NaN,NaN,NaN,NaN,NaN,NaN
2011,10,17,734793,NaN,NaN,NaN,NaN,NaN,NaN,NaN,NaN,NaN,NaN
2011,10,18,734794,NaN,NaN,NaN,NaN,NaN,NaN,NaN,NaN,NaN,NaN
2011,10,19,734795,NaN,NaN,NaN,NaN,NaN,NaN,NaN,NaN,NaN,NaN
2011,10,20,734796,NaN,NaN,NaN,NaN,NaN,NaN,NaN,NaN,NaN,NaN
2011,10,21,734797,NaN,NaN,NaN,NaN,NaN,NaN,NaN,NaN,NaN,NaN
2011,10,22,734798,NaN,NaN,NaN,NaN,NaN,NaN,NaN,NaN,NaN,NaN
2011,10,23,734799,NaN,NaN,NaN,NaN,NaN,NaN,NaN,NaN,NaN,NaN
2011,10,24,734800,NaN,NaN,NaN,NaN,NaN,NaN,NaN,NaN,NaN,NaN
2011,10,25,734801,NaN,NaN,NaN,NaN,NaN,NaN,NaN,NaN,NaN,NaN
2011,10,26,734802,NaN,NaN,NaN,NaN,NaN,NaN,NaN,NaN,NaN,NaN
2011,10,27,734803,NaN,NaN,NaN,NaN,NaN,NaN,NaN,NaN,NaN,NaN
2011,10,28,734804,NaN,NaN,NaN,NaN,NaN,NaN,NaN,NaN,NaN,NaN
2011,10,29,734805,NaN,NaN,NaN,NaN,NaN,NaN,NaN,NaN,NaN,NaN
2011,10,30,734806,NaN,NaN,NaN,NaN,NaN,NaN,NaN,NaN,NaN,NaN
2011,10,31,734807,NaN,NaN,NaN,NaN,NaN,NaN,NaN,NaN,NaN,NaN
2011,11,1,734808,NaN,NaN,NaN,NaN,NaN,NaN,NaN,NaN,NaN,NaN
2011,11,2,734809,NaN,NaN,NaN,NaN,NaN,NaN,NaN,NaN,NaN,NaN
2011,11,3,734810,NaN,NaN,NaN,NaN,NaN,NaN,NaN,NaN,NaN,NaN
2011,11,4,734811,NaN,NaN,NaN,NaN,NaN,NaN,NaN,NaN,NaN,NaN
2011,11,5,734812,NaN,NaN,NaN,NaN,NaN,NaN,NaN,NaN,NaN,NaN
2011,11,6,734813,NaN,NaN,NaN,NaN,NaN,NaN,NaN,NaN,NaN,NaN
2011,11,7,734814,NaN,NaN,NaN,NaN,NaN,NaN,NaN,NaN,NaN,NaN
2011,11,8,734815,NaN,NaN,NaN,NaN,NaN,NaN,NaN,NaN,NaN,NaN
2011,11,9,734816,NaN,NaN,NaN,NaN,NaN,NaN,NaN,NaN,NaN,NaN
2011,11,10,734817,NaN,NaN,NaN,NaN,NaN,NaN,NaN,NaN,NaN,NaN
2011,11,11,734818,NaN,NaN,NaN,NaN,NaN,NaN,NaN,NaN,NaN,NaN
2011,11,12,734819,NaN,NaN,NaN,NaN,NaN,NaN,NaN,NaN,NaN,NaN
2011,11,13,734820,NaN,NaN,NaN,NaN,NaN,NaN,NaN,NaN,NaN,NaN
2011,11,14,734821,NaN,NaN,NaN,NaN,NaN,NaN,NaN,NaN,NaN,NaN
2011,11,15,734822,NaN,NaN,NaN,NaN,NaN,NaN,NaN,NaN,NaN,NaN
2011,11,16,734823,NaN,NaN,NaN,NaN,NaN,NaN,NaN,NaN,NaN,NaN
2011,11,17,734824,NaN,NaN,NaN,NaN,NaN,NaN,NaN,NaN,NaN,NaN
2011,11,18,734825,NaN,NaN,NaN,NaN,NaN,NaN,NaN,NaN,NaN,NaN
2011,11,19,734826,NaN,NaN,NaN,NaN,NaN,NaN,NaN,NaN,NaN,NaN
2011,11,20,734827,NaN,NaN,NaN,NaN,NaN,NaN,NaN,NaN,NaN,NaN
2011,11,21,734828,NaN,NaN,NaN,NaN,NaN,NaN,NaN,NaN,NaN,NaN
2011,11,22,734829,NaN,NaN,NaN,NaN,NaN,NaN,NaN,NaN,NaN,NaN
2011,11,23,734830,NaN,NaN,NaN,NaN,NaN,NaN,NaN,NaN,NaN,NaN
2011,11,24,734831,NaN,NaN,NaN,NaN,NaN,NaN,NaN,NaN,NaN,NaN
2011,11,25,734832,NaN,NaN,NaN,NaN,NaN,NaN,NaN,NaN,NaN,NaN
2011,11,26,734833,NaN,NaN,NaN,NaN,NaN,NaN,NaN,NaN,NaN,NaN
2011,11,27,734834,NaN,NaN,NaN,NaN,NaN,NaN,NaN,NaN,NaN,NaN
2011,11,28,734835,NaN,NaN,NaN,NaN,NaN,NaN,NaN,NaN,NaN,NaN
2011,11,29,734836,NaN,NaN,NaN,NaN,NaN,NaN,NaN,NaN,NaN,NaN
2011,11,30,734837,NaN,NaN,NaN,NaN,NaN,NaN,NaN,NaN,NaN,NaN
2011,12,1,734838,NaN,NaN,NaN,NaN,NaN,NaN,NaN,NaN,NaN,NaN
2011,12,2,734839,NaN,NaN,NaN,NaN,NaN,NaN,NaN,NaN,NaN,NaN
2011,12,3,734840,NaN,NaN,NaN,NaN,NaN,NaN,NaN,NaN,NaN,NaN
2011,12,4,734841,NaN,NaN,NaN,NaN,NaN,NaN,NaN,NaN,NaN,NaN
2011,12,5,734842,NaN,NaN,NaN,NaN,NaN,NaN,NaN,NaN,NaN,NaN
2011,12,6,734843,NaN,NaN,NaN,NaN,NaN,NaN,NaN,NaN,NaN,NaN
2011,12,7,734844,NaN,NaN,NaN,NaN,NaN,NaN,NaN,NaN,NaN,NaN
2011,12,8,734845,NaN,NaN,NaN,NaN,NaN,NaN,NaN,NaN,NaN,NaN
2011,12,9,734846,NaN,NaN,NaN,NaN,NaN,NaN,NaN,NaN,NaN,NaN
2011,12,10,734847,NaN,NaN,NaN,NaN,NaN,NaN,NaN,NaN,NaN,NaN
2011,12,11,734848,NaN,NaN,NaN,NaN,NaN,NaN,NaN,NaN,NaN,NaN
2011,12,12,734849,NaN,NaN,NaN,NaN,NaN,NaN,NaN,NaN,NaN,NaN
2011,12,13,734850,NaN,NaN,NaN,NaN,NaN,NaN,NaN,NaN,NaN,NaN
2011,12,14,734851,NaN,NaN,NaN,NaN,NaN,NaN,NaN,NaN,NaN,NaN
2011,12,15,734852,NaN,NaN,NaN,NaN,NaN,NaN,NaN,NaN,NaN,NaN
2011,12,16,734853,NaN,NaN,NaN,NaN,NaN,NaN,NaN,NaN,NaN,NaN
2011,12,17,734854,NaN,NaN,NaN,NaN,NaN,NaN,NaN,NaN,NaN,NaN
2011,12,18,734855,NaN,NaN,NaN,NaN,NaN,NaN,NaN,NaN,NaN,NaN
2011,12,19,734856,NaN,NaN,NaN,NaN,NaN,NaN,NaN,NaN,NaN,NaN
2011,12,20,734857,NaN,NaN,NaN,NaN,NaN,NaN,NaN,NaN,NaN,NaN
2011,12,21,734858,NaN,NaN,NaN,NaN,NaN,NaN,NaN,NaN,NaN,NaN
2011,12,22,734859,NaN,NaN,NaN,NaN,NaN,NaN,NaN,NaN,NaN,NaN
2011,12,23,734860,NaN,NaN,NaN,NaN,NaN,NaN,NaN,NaN,NaN,NaN
2011,12,24,734861,NaN,NaN,NaN,NaN,NaN,NaN,NaN,NaN,NaN,NaN
2011,12,25,734862,NaN,NaN,NaN,NaN,NaN,NaN,NaN,NaN,NaN,NaN
2011,12,26,734863,NaN,NaN,NaN,NaN,NaN,NaN,NaN,NaN,NaN,NaN
2011,12,27,734864,NaN,NaN,NaN,NaN,NaN,NaN,NaN,NaN,NaN,NaN
2011,12,28,734865,NaN,NaN,NaN,NaN,NaN,NaN,NaN,NaN,NaN,NaN
2011,12,29,734866,NaN,NaN,NaN,NaN,NaN,NaN,NaN,NaN,NaN,NaN
2011,12,30,734867,NaN,NaN,NaN,NaN,NaN,NaN,NaN,NaN,NaN,NaN
2011,12,31,734868,NaN,NaN,NaN,NaN,NaN,NaN,NaN,NaN,NaN,NaN
2012,1,1,734869,NaN,NaN,NaN,NaN,NaN,NaN,NaN,NaN,NaN,NaN
2012,1,2,734870,NaN,NaN,NaN,NaN,NaN,NaN,NaN,NaN,NaN,NaN
2012,1,3,734871,NaN,NaN,NaN,NaN,NaN,NaN,NaN,NaN,NaN,NaN
2012,1,4,734872,NaN,NaN,NaN,NaN,NaN,NaN,NaN,NaN,NaN,NaN
2012,1,5,734873,NaN,NaN,NaN,NaN,NaN,NaN,NaN,NaN,NaN,NaN
2012,1,6,734874,NaN,NaN,NaN,NaN,NaN,NaN,NaN,NaN,NaN,NaN
2012,1,7,734875,NaN,NaN,NaN,NaN,NaN,NaN,NaN,NaN,NaN,NaN
2012,1,8,734876,NaN,NaN,NaN,NaN,NaN,NaN,NaN,NaN,NaN,NaN
2012,1,9,734877,NaN,NaN,NaN,NaN,NaN,NaN,NaN,NaN,NaN,NaN
2012,1,10,734878,NaN,NaN,NaN,NaN,NaN,NaN,NaN,NaN,NaN,NaN
2012,1,11,734879,NaN,NaN,NaN,NaN,NaN,NaN,NaN,NaN,NaN,NaN
2012,1,12,734880,NaN,NaN,NaN,NaN,NaN,NaN,NaN,NaN,NaN,NaN
2012,1,13,734881,NaN,NaN,NaN,NaN,NaN,NaN,NaN,NaN,NaN,NaN
2012,1,14,734882,NaN,NaN,NaN,NaN,NaN,NaN,NaN,NaN,NaN,NaN
2012,1,15,734883,NaN,NaN,NaN,NaN,NaN,NaN,NaN,NaN,NaN,NaN
2012,1,16,734884,NaN,NaN,NaN,NaN,NaN,NaN,NaN,NaN,NaN,NaN
2012,1,17,734885,NaN,NaN,NaN,NaN,NaN,NaN,NaN,NaN,NaN,NaN
2012,1,18,734886,NaN,NaN,NaN,NaN,NaN,NaN,NaN,NaN,NaN,NaN
2012,1,19,734887,NaN,NaN,NaN,NaN,NaN,NaN,NaN,NaN,NaN,NaN
2012,1,20,734888,NaN,NaN,NaN,NaN,NaN,NaN,NaN,NaN,NaN,NaN
2012,1,21,734889,NaN,NaN,NaN,NaN,NaN,NaN,NaN,NaN,NaN,NaN
2012,1,22,734890,NaN,NaN,NaN,NaN,NaN,NaN,NaN,NaN,NaN,NaN
2012,1,23,734891,NaN,NaN,NaN,NaN,NaN,NaN,NaN,NaN,NaN,NaN
2012,1,24,734892,NaN,NaN,NaN,NaN,NaN,NaN,NaN,NaN,NaN,NaN
2012,1,25,734893,NaN,NaN,NaN,NaN,NaN,NaN,NaN,NaN,NaN,NaN
2012,1,26,734894,NaN,NaN,NaN,NaN,NaN,NaN,NaN,NaN,NaN,NaN
2012,1,27,734895,NaN,NaN,NaN,NaN,NaN,NaN,NaN,NaN,NaN,NaN
2012,1,28,734896,NaN,NaN,NaN,NaN,NaN,NaN,NaN,NaN,NaN,NaN
2012,1,29,734897,NaN,NaN,NaN,NaN,NaN,NaN,NaN,NaN,NaN,NaN
2012,1,30,734898,NaN,NaN,NaN,NaN,NaN,NaN,NaN,NaN,NaN,NaN
2012,1,31,734899,NaN,NaN,NaN,NaN,NaN,NaN,NaN,NaN,NaN,NaN
2012,2,1,734900,NaN,NaN,NaN,NaN,NaN,NaN,NaN,NaN,NaN,NaN
2012,2,2,734901,NaN,NaN,NaN,NaN,NaN,NaN,NaN,NaN,NaN,NaN
2012,2,3,734902,NaN,NaN,NaN,NaN,NaN,NaN,NaN,NaN,NaN,NaN
2012,2,4,734903,NaN,NaN,NaN,NaN,NaN,NaN,NaN,NaN,NaN,NaN
2012,2,5,734904,NaN,NaN,NaN,NaN,NaN,NaN,NaN,NaN,NaN,NaN
2012,2,6,734905,NaN,NaN,NaN,NaN,NaN,NaN,NaN,NaN,NaN,NaN
2012,2,7,734906,NaN,NaN,NaN,NaN,NaN,NaN,NaN,NaN,NaN,NaN
2012,2,8,734907,NaN,NaN,NaN,NaN,NaN,NaN,NaN,NaN,NaN,NaN
2012,2,9,734908,NaN,NaN,NaN,NaN,NaN,NaN,NaN,NaN,NaN,NaN
2012,2,10,734909,NaN,NaN,NaN,NaN,NaN,NaN,NaN,NaN,NaN,NaN
2012,2,11,734910,NaN,NaN,NaN,NaN,NaN,NaN,NaN,NaN,NaN,NaN
2012,2,12,734911,NaN,NaN,NaN,NaN,NaN,NaN,NaN,NaN,NaN,NaN
2012,2,13,734912,NaN,NaN,NaN,NaN,NaN,NaN,NaN,NaN,NaN,NaN
2012,2,14,734913,NaN,NaN,NaN,NaN,NaN,NaN,NaN,NaN,NaN,NaN
2012,2,15,734914,NaN,NaN,NaN,NaN,NaN,NaN,NaN,NaN,NaN,NaN
2012,2,16,734915,NaN,NaN,NaN,NaN,NaN,NaN,NaN,NaN,NaN,NaN
2012,2,17,734916,NaN,NaN,NaN,NaN,NaN,NaN,NaN,NaN,NaN,NaN
2012,2,18,734917,NaN,NaN,NaN,NaN,NaN,NaN,NaN,NaN,NaN,NaN
2012,2,19,734918,NaN,NaN,NaN,NaN,NaN,NaN,NaN,NaN,NaN,NaN
2012,2,20,734919,NaN,NaN,NaN,NaN,NaN,NaN,NaN,NaN,NaN,NaN
2012,2,21,734920,NaN,NaN,NaN,NaN,NaN,NaN,NaN,NaN,NaN,NaN
2012,2,22,734921,NaN,NaN,NaN,NaN,NaN,NaN,NaN,NaN,NaN,NaN
2012,2,23,734922,NaN,NaN,NaN,NaN,NaN,NaN,NaN,NaN,NaN,NaN
2012,2,24,734923,NaN,NaN,NaN,NaN,NaN,NaN,NaN,NaN,NaN,NaN
2012,2,25,734924,NaN,NaN,NaN,NaN,NaN,NaN,NaN,NaN,NaN,NaN
2012,2,26,734925,NaN,NaN,NaN,NaN,NaN,NaN,NaN,NaN,NaN,NaN
2012,2,27,734926,NaN,NaN,NaN,NaN,NaN,NaN,NaN,NaN,NaN,NaN
2012,2,28,734927,NaN,NaN,NaN,NaN,NaN,NaN,NaN,NaN,NaN,NaN
2012,2,29,734928,NaN,NaN,NaN,NaN,NaN,NaN,NaN,NaN,NaN,NaN
2012,3,1,734929,NaN,NaN,NaN,NaN,NaN,NaN,NaN,NaN,NaN,NaN
2012,3,2,734930,NaN,NaN,NaN,NaN,NaN,NaN,NaN,NaN,NaN,NaN
2012,3,3,734931,NaN,NaN,NaN,NaN,NaN,NaN,NaN,NaN,NaN,NaN
2012,3,4,734932,NaN,NaN,NaN,NaN,NaN,NaN,NaN,NaN,NaN,NaN
2012,3,5,734933,NaN,NaN,NaN,NaN,NaN,NaN,NaN,NaN,NaN,NaN
2012,3,6,734934,NaN,NaN,NaN,NaN,NaN,NaN,NaN,NaN,NaN,NaN
2012,3,7,734935,NaN,NaN,NaN,NaN,NaN,NaN,NaN,NaN,NaN,NaN
2012,3,8,734936,NaN,NaN,NaN,NaN,NaN,NaN,NaN,NaN,NaN,NaN
2012,3,9,734937,NaN,NaN,NaN,NaN,NaN,NaN,NaN,NaN,NaN,NaN
2012,3,10,734938,NaN,NaN,NaN,NaN,NaN,NaN,NaN,NaN,NaN,NaN
2012,3,11,734939,NaN,NaN,NaN,NaN,NaN,NaN,NaN,NaN,NaN,NaN
2012,3,12,734940,NaN,NaN,NaN,NaN,NaN,NaN,NaN,NaN,NaN,NaN
2012,3,13,734941,NaN,NaN,NaN,NaN,NaN,NaN,NaN,NaN,NaN,NaN
2012,3,14,734942,NaN,NaN,NaN,NaN,NaN,NaN,NaN,NaN,NaN,NaN
2012,3,15,734943,NaN,NaN,NaN,NaN,NaN,NaN,NaN,NaN,NaN,NaN
2012,3,16,734944,NaN,NaN,NaN,NaN,NaN,NaN,NaN,NaN,NaN,NaN
2012,3,17,734945,NaN,NaN,NaN,NaN,NaN,NaN,NaN,NaN,NaN,NaN
2012,3,18,734946,NaN,NaN,NaN,NaN,NaN,NaN,NaN,NaN,NaN,NaN
2012,3,19,734947,NaN,NaN,NaN,NaN,NaN,NaN,NaN,NaN,NaN,NaN
2012,3,20,734948,NaN,NaN,NaN,NaN,NaN,NaN,NaN,NaN,NaN,NaN
2012,3,21,734949,NaN,NaN,NaN,NaN,NaN,NaN,NaN,NaN,NaN,NaN
2012,3,22,734950,NaN,NaN,NaN,NaN,NaN,NaN,NaN,NaN,NaN,NaN
2012,3,23,734951,NaN,NaN,NaN,NaN,NaN,NaN,NaN,NaN,NaN,NaN
2012,3,24,734952,NaN,NaN,NaN,NaN,NaN,NaN,NaN,NaN,NaN,NaN
2012,3,25,734953,NaN,NaN,NaN,NaN,NaN,NaN,NaN,NaN,NaN,NaN
2012,3,26,734954,NaN,NaN,NaN,NaN,NaN,NaN,NaN,NaN,NaN,NaN
2012,3,27,734955,NaN,NaN,NaN,NaN,NaN,NaN,NaN,NaN,NaN,NaN
2012,3,28,734956,NaN,NaN,NaN,NaN,NaN,NaN,NaN,NaN,NaN,NaN
2012,3,29,734957,NaN,NaN,NaN,NaN,NaN,NaN,NaN,NaN,NaN,NaN
2012,3,30,734958,NaN,NaN,NaN,NaN,NaN,NaN,NaN,NaN,NaN,NaN
2012,3,31,734959,NaN,NaN,NaN,NaN,NaN,NaN,NaN,NaN,NaN,NaN
2012,4,1,734960,NaN,NaN,NaN,NaN,NaN,NaN,NaN,NaN,NaN,NaN
2012,4,2,734961,NaN,NaN,NaN,NaN,NaN,NaN,NaN,NaN,NaN,NaN
2012,4,3,734962,NaN,NaN,NaN,NaN,NaN,NaN,NaN,NaN,NaN,NaN
2012,4,4,734963,NaN,NaN,NaN,NaN,NaN,NaN,NaN,NaN,NaN,NaN
2012,4,5,734964,NaN,NaN,NaN,NaN,NaN,NaN,NaN,NaN,NaN,NaN
2012,4,6,734965,NaN,NaN,NaN,NaN,NaN,NaN,NaN,NaN,NaN,NaN
2012,4,7,734966,NaN,NaN,NaN,NaN,NaN,NaN,NaN,NaN,NaN,NaN
2012,4,8,734967,NaN,NaN,NaN,NaN,NaN,NaN,NaN,NaN,NaN,NaN
2012,4,9,734968,NaN,NaN,NaN,NaN,NaN,NaN,NaN,NaN,NaN,NaN
2012,4,10,734969,NaN,NaN,NaN,NaN,NaN,NaN,NaN,NaN,NaN,NaN
2012,4,11,734970,NaN,NaN,NaN,NaN,NaN,NaN,NaN,NaN,NaN,NaN
2012,4,12,734971,NaN,NaN,NaN,NaN,NaN,NaN,NaN,NaN,NaN,NaN
2012,4,13,734972,NaN,NaN,NaN,NaN,NaN,NaN,NaN,NaN,NaN,NaN
2012,4,14,734973,NaN,NaN,NaN,NaN,NaN,NaN,NaN,NaN,NaN,NaN
2012,4,15,734974,NaN,NaN,NaN,NaN,NaN,NaN,NaN,NaN,NaN,NaN
2012,4,16,734975,NaN,NaN,NaN,NaN,NaN,NaN,NaN,NaN,NaN,NaN
2012,4,17,734976,NaN,NaN,NaN,NaN,NaN,NaN,NaN,NaN,NaN,NaN
2012,4,18,734977,NaN,NaN,NaN,NaN,NaN,NaN,NaN,NaN,NaN,NaN
2012,4,19,734978,NaN,NaN,NaN,NaN,NaN,NaN,NaN,NaN,NaN,NaN
2012,4,20,734979,NaN,NaN,NaN,NaN,NaN,NaN,NaN,NaN,NaN,NaN
2012,4,21,734980,NaN,NaN,NaN,NaN,NaN,NaN,NaN,NaN,NaN,NaN
2012,4,22,734981,NaN,NaN,NaN,NaN,NaN,NaN,NaN,NaN,NaN,NaN
2012,4,23,734982,NaN,NaN,NaN,NaN,NaN,NaN,NaN,NaN,NaN,NaN
2012,4,24,734983,NaN,NaN,NaN,NaN,NaN,NaN,NaN,NaN,NaN,NaN
2012,4,25,734984,NaN,NaN,NaN,NaN,NaN,NaN,NaN,NaN,NaN,NaN
2012,4,26,734985,NaN,NaN,NaN,NaN,NaN,NaN,NaN,NaN,NaN,NaN
2012,4,27,734986,NaN,NaN,NaN,NaN,NaN,NaN,NaN,NaN,NaN,NaN
2012,4,28,734987,NaN,NaN,NaN,NaN,NaN,NaN,NaN,NaN,NaN,NaN
2012,4,29,734988,NaN,NaN,NaN,NaN,NaN,NaN,NaN,NaN,NaN,NaN
2012,4,30,734989,NaN,NaN,NaN,NaN,NaN,NaN,NaN,NaN,NaN,NaN
2012,5,1,734990,NaN,NaN,NaN,NaN,NaN,NaN,NaN,NaN,NaN,NaN
2012,5,2,734991,NaN,NaN,NaN,NaN,NaN,NaN,NaN,NaN,NaN,NaN
2012,5,3,734992,NaN,NaN,NaN,NaN,NaN,NaN,NaN,NaN,NaN,NaN
2012,5,4,734993,NaN,NaN,NaN,NaN,NaN,NaN,NaN,NaN,NaN,NaN
2012,5,5,734994,NaN,NaN,NaN,NaN,NaN,NaN,NaN,NaN,NaN,NaN
2012,5,6,734995,NaN,NaN,NaN,NaN,NaN,NaN,NaN,NaN,NaN,NaN
2012,5,7,734996,NaN,NaN,NaN,NaN,NaN,NaN,NaN,NaN,NaN,NaN
2012,5,8,734997,NaN,NaN,NaN,NaN,NaN,NaN,NaN,NaN,NaN,NaN
2012,5,9,734998,NaN,NaN,NaN,NaN,NaN,NaN,NaN,NaN,NaN,NaN
2012,5,10,734999,NaN,NaN,NaN,NaN,NaN,NaN,NaN,NaN,NaN,NaN
2012,5,11,735000,NaN,NaN,NaN,NaN,NaN,NaN,NaN,NaN,NaN,NaN
2012,5,12,735001,NaN,NaN,NaN,NaN,NaN,NaN,NaN,NaN,NaN,NaN
2012,5,13,735002,NaN,NaN,NaN,NaN,NaN,NaN,NaN,NaN,NaN,NaN
2012,5,14,735003,NaN,NaN,NaN,NaN,NaN,NaN,NaN,NaN,NaN,NaN
2012,5,15,735004,NaN,NaN,NaN,NaN,NaN,NaN,NaN,NaN,NaN,NaN
2012,5,16,735005,NaN,NaN,NaN,NaN,NaN,NaN,NaN,NaN,NaN,NaN
2012,5,17,735006,NaN,NaN,NaN,NaN,NaN,NaN,NaN,NaN,NaN,NaN
2012,5,18,735007,NaN,NaN,NaN,NaN,NaN,NaN,NaN,NaN,NaN,NaN
2012,5,19,735008,NaN,NaN,NaN,NaN,NaN,NaN,NaN,NaN,NaN,NaN
2012,5,20,735009,NaN,NaN,NaN,NaN,NaN,NaN,NaN,NaN,NaN,NaN
2012,5,21,735010,NaN,NaN,NaN,NaN,NaN,NaN,NaN,NaN,NaN,NaN
2012,5,22,735011,NaN,NaN,NaN,NaN,NaN,NaN,NaN,NaN,NaN,NaN
2012,5,23,735012,NaN,NaN,NaN,NaN,NaN,NaN,NaN,NaN,NaN,NaN
2012,5,24,735013,NaN,NaN,NaN,NaN,NaN,NaN,NaN,NaN,NaN,NaN
2012,5,25,735014,NaN,NaN,NaN,NaN,NaN,NaN,NaN,NaN,NaN,NaN
2012,5,26,735015,NaN,NaN,NaN,NaN,NaN,NaN,NaN,NaN,NaN,NaN
2012,5,27,735016,NaN,NaN,NaN,NaN,NaN,NaN,NaN,NaN,NaN,NaN
2012,5,28,735017,NaN,NaN,NaN,NaN,NaN,NaN,NaN,NaN,NaN,NaN
2012,5,29,735018,NaN,NaN,NaN,NaN,NaN,NaN,NaN,NaN,NaN,NaN
2012,5,30,735019,NaN,NaN,NaN,NaN,NaN,NaN,NaN,NaN,NaN,NaN
2012,5,31,735020,NaN,NaN,NaN,NaN,NaN,NaN,NaN,NaN,NaN,NaN
2012,6,1,735021,NaN,NaN,NaN,NaN,NaN,NaN,NaN,NaN,NaN,NaN
2012,6,2,735022,NaN,NaN,NaN,NaN,NaN,NaN,NaN,NaN,NaN,NaN
2012,6,3,735023,NaN,NaN,NaN,NaN,NaN,NaN,NaN,NaN,NaN,NaN
2012,6,4,735024,NaN,NaN,NaN,NaN,NaN,NaN,NaN,NaN,NaN,NaN
2012,6,5,735025,NaN,NaN,NaN,NaN,NaN,NaN,NaN,NaN,NaN,NaN
2012,6,6,735026,NaN,NaN,NaN,NaN,NaN,NaN,NaN,NaN,NaN,NaN
2012,6,7,735027,NaN,NaN,NaN,NaN,NaN,NaN,NaN,NaN,NaN,NaN
2012,6,8,735028,NaN,NaN,NaN,NaN,NaN,NaN,NaN,NaN,NaN,NaN
2012,6,9,735029,NaN,NaN,NaN,NaN,NaN,NaN,NaN,NaN,NaN,NaN
2012,6,10,735030,NaN,NaN,NaN,NaN,NaN,NaN,NaN,NaN,NaN,NaN
2012,6,11,735031,NaN,NaN,NaN,NaN,NaN,NaN,NaN,NaN,NaN,NaN
2012,6,12,735032,NaN,NaN,NaN,NaN,NaN,NaN,NaN,NaN,NaN,NaN
2012,6,13,735033,NaN,NaN,NaN,NaN,NaN,NaN,NaN,NaN,NaN,NaN
2012,6,14,735034,NaN,NaN,NaN,NaN,NaN,NaN,NaN,NaN,NaN,NaN
2012,6,15,735035,NaN,NaN,NaN,NaN,NaN,NaN,NaN,NaN,NaN,NaN
2012,6,16,735036,NaN,NaN,NaN,NaN,NaN,NaN,NaN,NaN,NaN,NaN
2012,6,17,735037,NaN,NaN,NaN,NaN,NaN,NaN,NaN,NaN,NaN,NaN
2012,6,18,735038,NaN,NaN,NaN,NaN,NaN,NaN,NaN,NaN,NaN,NaN
2012,6,19,735039,NaN,NaN,NaN,NaN,NaN,NaN,NaN,NaN,NaN,NaN
2012,6,20,735040,NaN,NaN,NaN,NaN,NaN,NaN,NaN,NaN,NaN,NaN
2012,6,21,735041,NaN,NaN,NaN,NaN,NaN,NaN,NaN,NaN,NaN,NaN
2012,6,22,735042,NaN,NaN,NaN,NaN,NaN,NaN,NaN,NaN,NaN,NaN
2012,6,23,735043,NaN,NaN,NaN,NaN,NaN,NaN,NaN,NaN,NaN,NaN
2012,6,24,735044,NaN,NaN,NaN,NaN,NaN,NaN,NaN,NaN,NaN,NaN
2012,6,25,735045,NaN,NaN,NaN,NaN,NaN,NaN,NaN,NaN,NaN,NaN
2012,6,26,735046,NaN,NaN,NaN,NaN,NaN,NaN,NaN,NaN,NaN,NaN
2012,6,27,735047,NaN,NaN,NaN,NaN,NaN,NaN,NaN,NaN,NaN,NaN
2012,6,28,735048,NaN,NaN,NaN,NaN,NaN,NaN,NaN,NaN,NaN,NaN
2012,6,29,735049,NaN,NaN,NaN,NaN,NaN,NaN,NaN,NaN,NaN,NaN
2012,6,30,735050,NaN,NaN,NaN,NaN,NaN,NaN,NaN,NaN,NaN,NaN
2012,7,1,735051,NaN,NaN,NaN,NaN,NaN,NaN,NaN,NaN,NaN,NaN
2012,7,2,735052,NaN,NaN,NaN,NaN,NaN,NaN,NaN,NaN,NaN,NaN
2012,7,3,735053,NaN,NaN,NaN,NaN,NaN,NaN,NaN,NaN,NaN,NaN
2012,7,4,735054,NaN,NaN,NaN,NaN,NaN,NaN,NaN,NaN,NaN,NaN
2012,7,5,735055,NaN,NaN,NaN,NaN,NaN,NaN,NaN,NaN,NaN,NaN
2012,7,6,735056,NaN,NaN,NaN,NaN,NaN,NaN,NaN,NaN,NaN,NaN
2012,7,7,735057,NaN,NaN,NaN,NaN,NaN,NaN,NaN,NaN,NaN,NaN
2012,7,8,735058,NaN,NaN,NaN,NaN,NaN,NaN,NaN,NaN,NaN,NaN
2012,7,9,735059,NaN,NaN,NaN,NaN,NaN,NaN,NaN,NaN,NaN,NaN
2012,7,10,735060,NaN,NaN,NaN,NaN,NaN,NaN,NaN,NaN,NaN,NaN
2012,7,11,735061,NaN,NaN,NaN,NaN,NaN,NaN,NaN,NaN,NaN,NaN
2012,7,12,735062,NaN,NaN,NaN,NaN,NaN,NaN,NaN,NaN,NaN,NaN
2012,7,13,735063,NaN,NaN,NaN,NaN,NaN,NaN,NaN,NaN,NaN,NaN
2012,7,14,735064,NaN,NaN,NaN,NaN,NaN,NaN,NaN,NaN,NaN,NaN
2012,7,15,735065,NaN,NaN,NaN,NaN,NaN,NaN,NaN,NaN,NaN,NaN
2012,7,16,735066,NaN,NaN,NaN,NaN,NaN,NaN,NaN,NaN,NaN,NaN
2012,7,17,735067,NaN,NaN,NaN,NaN,NaN,NaN,NaN,NaN,NaN,NaN
2012,7,18,735068,NaN,NaN,NaN,NaN,NaN,NaN,NaN,NaN,NaN,NaN
2012,7,19,735069,NaN,NaN,NaN,NaN,NaN,NaN,NaN,NaN,NaN,NaN
2012,7,20,735070,NaN,NaN,NaN,NaN,NaN,NaN,NaN,NaN,NaN,NaN
2012,7,21,735071,NaN,NaN,NaN,NaN,NaN,NaN,NaN,NaN,NaN,NaN
2012,7,22,735072,NaN,NaN,NaN,NaN,NaN,NaN,NaN,NaN,NaN,NaN
2012,7,23,735073,NaN,NaN,NaN,NaN,NaN,NaN,NaN,NaN,NaN,NaN
2012,7,24,735074,NaN,NaN,NaN,NaN,NaN,NaN,NaN,NaN,NaN,NaN
2012,7,25,735075,NaN,NaN,NaN,NaN,NaN,NaN,NaN,NaN,NaN,NaN
2012,7,26,735076,NaN,NaN,NaN,NaN,NaN,NaN,NaN,NaN,NaN,NaN
2012,7,27,735077,NaN,NaN,NaN,NaN,NaN,NaN,NaN,NaN,NaN,NaN
2012,7,28,735078,NaN,NaN,NaN,NaN,NaN,NaN,NaN,NaN,NaN,NaN
2012,7,29,735079,NaN,NaN,NaN,NaN,NaN,NaN,NaN,NaN,NaN,NaN
2012,7,30,735080,NaN,NaN,NaN,NaN,NaN,NaN,NaN,NaN,NaN,NaN
2012,7,31,735081,NaN,NaN,NaN,NaN,NaN,NaN,NaN,NaN,NaN,NaN
2012,8,1,735082,NaN,NaN,NaN,NaN,NaN,NaN,NaN,NaN,NaN,NaN
2012,8,2,735083,NaN,NaN,NaN,NaN,NaN,NaN,NaN,NaN,NaN,NaN
2012,8,3,735084,NaN,NaN,NaN,NaN,NaN,NaN,NaN,NaN,NaN,NaN
2012,8,4,735085,NaN,NaN,NaN,NaN,NaN,NaN,NaN,NaN,NaN,NaN
2012,8,5,735086,NaN,NaN,NaN,NaN,NaN,NaN,NaN,NaN,NaN,NaN
2012,8,6,735087,NaN,NaN,NaN,NaN,NaN,NaN,NaN,NaN,NaN,NaN
2012,8,7,735088,NaN,NaN,NaN,NaN,NaN,NaN,NaN,NaN,NaN,NaN
2012,8,8,735089,NaN,NaN,NaN,NaN,NaN,NaN,NaN,NaN,NaN,NaN
2012,8,9,735090,NaN,NaN,NaN,NaN,NaN,NaN,NaN,NaN,NaN,NaN
2012,8,10,735091,NaN,NaN,NaN,NaN,NaN,NaN,NaN,NaN,NaN,NaN
2012,8,11,735092,NaN,NaN,NaN,NaN,NaN,NaN,NaN,NaN,NaN,NaN
2012,8,12,735093,NaN,NaN,NaN,NaN,NaN,NaN,NaN,NaN,NaN,NaN
2012,8,13,735094,NaN,NaN,NaN,NaN,NaN,NaN,NaN,NaN,NaN,NaN
2012,8,14,735095,NaN,NaN,NaN,NaN,NaN,NaN,NaN,NaN,NaN,NaN
2012,8,15,735096,NaN,NaN,NaN,NaN,NaN,NaN,NaN,NaN,NaN,NaN
2012,8,16,735097,NaN,NaN,NaN,NaN,NaN,NaN,NaN,NaN,NaN,NaN
2012,8,17,735098,NaN,NaN,NaN,NaN,NaN,NaN,NaN,NaN,NaN,NaN
2012,8,18,735099,NaN,NaN,NaN,NaN,NaN,NaN,NaN,NaN,NaN,NaN
2012,8,19,735100,NaN,NaN,NaN,NaN,NaN,NaN,NaN,NaN,NaN,NaN
2012,8,20,735101,NaN,NaN,NaN,NaN,NaN,NaN,NaN,NaN,NaN,NaN
2012,8,21,735102,NaN,NaN,NaN,NaN,NaN,NaN,NaN,NaN,NaN,NaN
2012,8,22,735103,NaN,NaN,NaN,NaN,NaN,NaN,NaN,NaN,NaN,NaN
2012,8,23,735104,NaN,NaN,NaN,NaN,NaN,NaN,NaN,NaN,NaN,NaN
2012,8,24,735105,NaN,NaN,NaN,NaN,NaN,NaN,NaN,NaN,NaN,NaN
2012,8,25,735106,NaN,NaN,NaN,NaN,NaN,NaN,NaN,NaN,NaN,NaN
2012,8,26,735107,NaN,NaN,NaN,NaN,NaN,NaN,NaN,NaN,NaN,NaN
2012,8,27,735108,NaN,NaN,NaN,NaN,NaN,NaN,NaN,NaN,NaN,NaN
2012,8,28,735109,NaN,NaN,NaN,NaN,NaN,NaN,NaN,NaN,NaN,NaN
2012,8,29,735110,NaN,NaN,NaN,NaN,NaN,NaN,NaN,NaN,NaN,NaN
2012,8,30,735111,NaN,NaN,NaN,NaN,NaN,NaN,NaN,NaN,NaN,NaN
2012,8,31,735112,NaN,NaN,NaN,NaN,NaN,NaN,NaN,NaN,NaN,NaN
2012,9,1,735113,NaN,NaN,NaN,NaN,NaN,NaN,NaN,NaN,NaN,NaN
2012,9,2,735114,NaN,NaN,NaN,NaN,NaN,NaN,NaN,NaN,NaN,NaN
2012,9,3,735115,NaN,NaN,NaN,NaN,NaN,NaN,NaN,NaN,NaN,NaN
2012,9,4,735116,NaN,NaN,NaN,NaN,NaN,NaN,NaN,NaN,NaN,NaN
2012,9,5,735117,NaN,NaN,NaN,NaN,NaN,NaN,NaN,NaN,NaN,NaN
2012,9,6,735118,NaN,NaN,NaN,NaN,NaN,NaN,NaN,NaN,NaN,NaN
2012,9,7,735119,NaN,NaN,NaN,NaN,NaN,NaN,NaN,NaN,NaN,NaN
2012,9,8,735120,NaN,NaN,NaN,NaN,NaN,NaN,NaN,NaN,NaN,NaN
2012,9,9,735121,NaN,NaN,NaN,NaN,NaN,NaN,NaN,NaN,NaN,NaN
2012,9,10,735122,NaN,NaN,NaN,NaN,NaN,NaN,NaN,NaN,NaN,NaN
2012,9,11,735123,NaN,NaN,NaN,NaN,NaN,NaN,NaN,NaN,NaN,NaN
2012,9,12,735124,NaN,NaN,NaN,NaN,NaN,NaN,NaN,NaN,NaN,NaN
2012,9,13,735125,NaN,NaN,NaN,NaN,NaN,NaN,NaN,NaN,NaN,NaN
2012,9,14,735126,NaN,NaN,NaN,NaN,NaN,NaN,NaN,NaN,NaN,NaN
2012,9,15,735127,NaN,NaN,NaN,NaN,NaN,NaN,NaN,NaN,NaN,NaN
2012,9,16,735128,NaN,NaN,NaN,NaN,NaN,NaN,NaN,NaN,NaN,NaN
2012,9,17,735129,NaN,NaN,NaN,NaN,NaN,NaN,NaN,NaN,NaN,NaN
2012,9,18,735130,NaN,NaN,NaN,NaN,NaN,NaN,NaN,NaN,NaN,NaN
2012,9,19,735131,NaN,NaN,NaN,NaN,NaN,NaN,NaN,NaN,NaN,NaN
2012,9,20,735132,NaN,NaN,NaN,NaN,NaN,NaN,NaN,NaN,NaN,NaN
2012,9,21,735133,NaN,NaN,NaN,NaN,NaN,NaN,NaN,NaN,NaN,NaN
2012,9,22,735134,NaN,NaN,NaN,NaN,NaN,NaN,NaN,NaN,NaN,NaN
2012,9,23,735135,NaN,NaN,NaN,NaN,NaN,NaN,NaN,NaN,NaN,NaN
2012,9,24,735136,NaN,NaN,NaN,NaN,NaN,NaN,NaN,NaN,NaN,NaN
2012,9,25,735137,NaN,NaN,NaN,NaN,NaN,NaN,NaN,NaN,NaN,NaN
2012,9,26,735138,NaN,NaN,NaN,NaN,NaN,NaN,NaN,NaN,NaN,NaN
2012,9,27,735139,NaN,NaN,NaN,NaN,NaN,NaN,NaN,NaN,NaN,NaN
2012,9,28,735140,NaN,NaN,NaN,NaN,NaN,NaN,NaN,NaN,NaN,NaN
2012,9,29,735141,NaN,NaN,NaN,NaN,NaN,NaN,NaN,NaN,NaN,NaN
2012,9,30,735142,NaN,NaN,NaN,NaN,NaN,NaN,NaN,NaN,NaN,NaN
2012,10,1,735143,NaN,NaN,NaN,NaN,NaN,NaN,NaN,NaN,NaN,NaN
2012,10,2,735144,NaN,NaN,NaN,NaN,NaN,NaN,NaN,NaN,NaN,NaN
2012,10,3,735145,NaN,NaN,NaN,NaN,NaN,NaN,NaN,NaN,NaN,NaN
2012,10,4,735146,NaN,NaN,NaN,NaN,NaN,NaN,NaN,NaN,NaN,NaN
2012,10,5,735147,NaN,NaN,NaN,NaN,NaN,NaN,NaN,NaN,NaN,NaN
2012,10,6,735148,NaN,NaN,NaN,NaN,NaN,NaN,NaN,NaN,NaN,NaN
2012,10,7,735149,NaN,NaN,NaN,NaN,NaN,NaN,NaN,NaN,NaN,NaN
2012,10,8,735150,NaN,NaN,NaN,NaN,NaN,NaN,NaN,NaN,NaN,NaN
2012,10,9,735151,NaN,NaN,NaN,NaN,NaN,NaN,NaN,NaN,NaN,NaN
2012,10,10,735152,NaN,NaN,NaN,NaN,NaN,NaN,NaN,NaN,NaN,NaN
2012,10,11,735153,NaN,NaN,NaN,NaN,NaN,NaN,NaN,NaN,NaN,NaN
2012,10,12,735154,NaN,NaN,NaN,NaN,NaN,NaN,NaN,NaN,NaN,NaN
2012,10,13,735155,NaN,NaN,NaN,NaN,NaN,NaN,NaN,NaN,NaN,NaN
2012,10,14,735156,NaN,NaN,NaN,NaN,NaN,NaN,NaN,NaN,NaN,NaN
2012,10,15,735157,NaN,NaN,NaN,NaN,NaN,NaN,NaN,NaN,NaN,NaN
2012,10,16,735158,NaN,NaN,NaN,NaN,NaN,NaN,NaN,NaN,NaN,NaN
2012,10,17,735159,NaN,NaN,NaN,NaN,NaN,NaN,NaN,NaN,NaN,NaN
2012,10,18,735160,NaN,NaN,NaN,NaN,NaN,NaN,NaN,NaN,NaN,NaN
2012,10,19,735161,NaN,NaN,NaN,NaN,NaN,NaN,NaN,NaN,NaN,NaN
2012,10,20,735162,NaN,NaN,NaN,NaN,NaN,NaN,NaN,NaN,NaN,NaN
2012,10,21,735163,NaN,NaN,NaN,NaN,NaN,NaN,NaN,NaN,NaN,NaN
2012,10,22,735164,NaN,NaN,NaN,NaN,NaN,NaN,NaN,NaN,NaN,NaN
2012,10,23,735165,NaN,NaN,NaN,NaN,NaN,NaN,NaN,NaN,NaN,NaN
2012,10,24,735166,NaN,NaN,NaN,NaN,NaN,NaN,NaN,NaN,NaN,NaN
2012,10,25,735167,NaN,NaN,NaN,NaN,NaN,NaN,NaN,NaN,NaN,NaN
2012,10,26,735168,NaN,NaN,NaN,NaN,NaN,NaN,NaN,NaN,NaN,NaN
2012,10,27,735169,NaN,NaN,NaN,NaN,NaN,NaN,NaN,NaN,NaN,NaN
2012,10,28,735170,NaN,NaN,NaN,NaN,NaN,NaN,NaN,NaN,NaN,NaN
2012,10,29,735171,NaN,NaN,NaN,NaN,NaN,NaN,NaN,NaN,NaN,NaN
2012,10,30,735172,NaN,NaN,NaN,NaN,NaN,NaN,NaN,NaN,NaN,NaN
2012,10,31,735173,NaN,NaN,NaN,NaN,NaN,NaN,NaN,NaN,NaN,NaN
2012,11,1,735174,NaN,NaN,NaN,NaN,NaN,NaN,NaN,NaN,NaN,NaN
2012,11,2,735175,NaN,NaN,NaN,NaN,NaN,NaN,NaN,NaN,NaN,NaN
2012,11,3,735176,NaN,NaN,NaN,NaN,NaN,NaN,NaN,NaN,NaN,NaN
2012,11,4,735177,NaN,NaN,NaN,NaN,NaN,NaN,NaN,NaN,NaN,NaN
2012,11,5,735178,NaN,NaN,NaN,NaN,NaN,NaN,NaN,NaN,NaN,NaN
2012,11,6,735179,NaN,NaN,NaN,NaN,NaN,NaN,NaN,NaN,NaN,NaN
2012,11,7,735180,NaN,NaN,NaN,NaN,NaN,NaN,NaN,NaN,NaN,NaN
2012,11,8,735181,NaN,NaN,NaN,NaN,NaN,NaN,NaN,NaN,NaN,NaN
2012,11,9,735182,NaN,NaN,NaN,NaN,NaN,NaN,NaN,NaN,NaN,NaN
2012,11,10,735183,NaN,NaN,NaN,NaN,NaN,NaN,NaN,NaN,NaN,NaN
2012,11,11,735184,NaN,NaN,NaN,NaN,NaN,NaN,NaN,NaN,NaN,NaN
2012,11,12,735185,NaN,NaN,NaN,NaN,NaN,NaN,NaN,NaN,NaN,NaN
2012,11,13,735186,NaN,NaN,NaN,NaN,NaN,NaN,NaN,NaN,NaN,NaN
2012,11,14,735187,NaN,NaN,NaN,NaN,NaN,NaN,NaN,NaN,NaN,NaN
2012,11,15,735188,NaN,NaN,NaN,NaN,NaN,NaN,NaN,NaN,NaN,NaN
2012,11,16,735189,NaN,NaN,NaN,NaN,NaN,NaN,NaN,NaN,NaN,NaN
2012,11,17,735190,NaN,NaN,NaN,NaN,NaN,NaN,NaN,NaN,NaN,NaN
2012,11,18,735191,NaN,NaN,NaN,NaN,NaN,NaN,NaN,NaN,NaN,NaN
2012,11,19,735192,NaN,NaN,NaN,NaN,NaN,NaN,NaN,NaN,NaN,NaN
2012,11,20,735193,NaN,NaN,NaN,NaN,NaN,NaN,NaN,NaN,NaN,NaN
2012,11,21,735194,NaN,NaN,NaN,NaN,NaN,NaN,NaN,NaN,NaN,NaN
2012,11,22,735195,NaN,NaN,NaN,NaN,NaN,NaN,NaN,NaN,NaN,NaN
2012,11,23,735196,NaN,NaN,NaN,NaN,NaN,NaN,NaN,NaN,NaN,NaN
2012,11,24,735197,NaN,NaN,NaN,NaN,NaN,NaN,NaN,NaN,NaN,NaN
2012,11,25,735198,NaN,NaN,NaN,NaN,NaN,NaN,NaN,NaN,NaN,NaN
2012,11,26,735199,NaN,NaN,NaN,NaN,NaN,NaN,NaN,NaN,NaN,NaN
2012,11,27,735200,NaN,NaN,NaN,NaN,NaN,NaN,NaN,NaN,NaN,NaN
2012,11,28,735201,NaN,NaN,NaN,NaN,NaN,NaN,NaN,NaN,NaN,NaN
2012,11,29,735202,NaN,NaN,NaN,NaN,NaN,NaN,NaN,NaN,NaN,NaN
2012,11,30,735203,NaN,NaN,NaN,NaN,NaN,NaN,NaN,NaN,NaN,NaN
2012,12,1,735204,NaN,NaN,NaN,NaN,NaN,NaN,NaN,NaN,NaN,NaN
2012,12,2,735205,NaN,NaN,NaN,NaN,NaN,NaN,NaN,NaN,NaN,NaN
2012,12,3,735206,NaN,NaN,NaN,NaN,NaN,NaN,NaN,NaN,NaN,NaN
2012,12,4,735207,NaN,NaN,NaN,NaN,NaN,NaN,NaN,NaN,NaN,NaN
2012,12,5,735208,NaN,NaN,NaN,NaN,NaN,NaN,NaN,NaN,NaN,NaN
2012,12,6,735209,NaN,NaN,NaN,NaN,NaN,NaN,NaN,NaN,NaN,NaN
2012,12,7,735210,NaN,NaN,NaN,NaN,NaN,NaN,NaN,NaN,NaN,NaN
2012,12,8,735211,NaN,NaN,NaN,NaN,NaN,NaN,NaN,NaN,NaN,NaN
2012,12,9,735212,NaN,NaN,NaN,NaN,NaN,NaN,NaN,NaN,NaN,NaN
2012,12,10,735213,NaN,NaN,NaN,NaN,NaN,NaN,NaN,NaN,NaN,NaN
2012,12,11,735214,NaN,NaN,NaN,NaN,NaN,NaN,NaN,NaN,NaN,NaN
2012,12,12,735215,NaN,NaN,NaN,NaN,NaN,NaN,NaN,NaN,NaN,NaN
2012,12,13,735216,NaN,NaN,NaN,NaN,NaN,NaN,NaN,NaN,NaN,NaN
2012,12,14,735217,NaN,NaN,NaN,NaN,NaN,NaN,NaN,NaN,NaN,NaN
2012,12,15,735218,NaN,NaN,NaN,NaN,NaN,NaN,NaN,NaN,NaN,NaN
2012,12,16,735219,NaN,NaN,NaN,NaN,NaN,NaN,NaN,NaN,NaN,NaN
2012,12,17,735220,NaN,NaN,NaN,NaN,NaN,NaN,NaN,NaN,NaN,NaN
2012,12,18,735221,NaN,NaN,NaN,NaN,NaN,NaN,NaN,NaN,NaN,NaN
2012,12,19,735222,NaN,NaN,NaN,NaN,NaN,NaN,NaN,NaN,NaN,NaN
2012,12,20,735223,NaN,NaN,NaN,NaN,NaN,NaN,NaN,NaN,NaN,NaN
2012,12,21,735224,NaN,NaN,NaN,NaN,NaN,NaN,NaN,NaN,NaN,NaN
2012,12,22,735225,NaN,NaN,NaN,NaN,NaN,NaN,NaN,NaN,NaN,NaN
2012,12,23,735226,NaN,NaN,NaN,NaN,NaN,NaN,NaN,NaN,NaN,NaN
2012,12,24,735227,NaN,NaN,NaN,NaN,NaN,NaN,NaN,NaN,NaN,NaN
2012,12,25,735228,NaN,NaN,NaN,NaN,NaN,NaN,NaN,NaN,NaN,NaN
2012,12,26,735229,NaN,NaN,NaN,NaN,NaN,NaN,NaN,NaN,NaN,NaN
2012,12,27,735230,NaN,NaN,NaN,NaN,NaN,NaN,NaN,NaN,NaN,NaN
2012,12,28,735231,NaN,NaN,NaN,NaN,NaN,NaN,NaN,NaN,NaN,NaN
2012,12,29,735232,NaN,NaN,NaN,NaN,NaN,NaN,NaN,NaN,NaN,NaN
2012,12,30,735233,NaN,NaN,NaN,NaN,NaN,NaN,NaN,NaN,NaN,NaN
2012,12,31,735234,NaN,NaN,NaN,NaN,NaN,NaN,NaN,NaN,NaN,NaN
2013,1,1,735235,NaN,NaN,NaN,NaN,NaN,NaN,NaN,NaN,NaN,NaN
2013,1,2,735236,NaN,NaN,NaN,NaN,NaN,NaN,NaN,NaN,NaN,NaN
2013,1,3,735237,NaN,NaN,NaN,NaN,NaN,NaN,NaN,NaN,NaN,NaN
2013,1,4,735238,NaN,NaN,NaN,NaN,NaN,NaN,NaN,NaN,NaN,NaN
2013,1,5,735239,NaN,NaN,NaN,NaN,NaN,NaN,NaN,NaN,NaN,NaN
2013,1,6,735240,NaN,NaN,NaN,NaN,NaN,NaN,NaN,NaN,NaN,NaN
2013,1,7,735241,NaN,NaN,NaN,NaN,NaN,NaN,NaN,NaN,NaN,NaN
2013,1,8,735242,NaN,NaN,NaN,NaN,NaN,NaN,NaN,NaN,NaN,NaN
2013,1,9,735243,NaN,NaN,NaN,NaN,NaN,NaN,NaN,NaN,NaN,NaN
2013,1,10,735244,NaN,NaN,NaN,NaN,NaN,NaN,NaN,NaN,NaN,NaN
2013,1,11,735245,NaN,NaN,NaN,NaN,NaN,NaN,NaN,NaN,NaN,NaN
2013,1,12,735246,NaN,NaN,NaN,NaN,NaN,NaN,NaN,NaN,NaN,NaN
2013,1,13,735247,NaN,NaN,NaN,NaN,NaN,NaN,NaN,NaN,NaN,NaN
2013,1,14,735248,NaN,NaN,NaN,NaN,NaN,NaN,NaN,NaN,NaN,NaN
2013,1,15,735249,NaN,NaN,NaN,NaN,NaN,NaN,NaN,NaN,NaN,NaN
2013,1,16,735250,NaN,NaN,NaN,NaN,NaN,NaN,NaN,NaN,NaN,NaN
2013,1,17,735251,NaN,NaN,NaN,NaN,NaN,NaN,NaN,NaN,NaN,NaN
2013,1,18,735252,NaN,NaN,NaN,NaN,NaN,NaN,NaN,NaN,NaN,NaN
2013,1,19,735253,NaN,NaN,NaN,NaN,NaN,NaN,NaN,NaN,NaN,NaN
2013,1,20,735254,NaN,NaN,NaN,NaN,NaN,NaN,NaN,NaN,NaN,NaN
2013,1,21,735255,NaN,NaN,NaN,NaN,NaN,NaN,NaN,NaN,NaN,NaN
2013,1,22,735256,NaN,NaN,NaN,NaN,NaN,NaN,NaN,NaN,NaN,NaN
2013,1,23,735257,NaN,NaN,NaN,NaN,NaN,NaN,NaN,NaN,NaN,NaN
2013,1,24,735258,NaN,NaN,NaN,NaN,NaN,NaN,NaN,NaN,NaN,NaN
2013,1,25,735259,NaN,NaN,NaN,NaN,NaN,NaN,NaN,NaN,NaN,NaN
2013,1,26,735260,NaN,NaN,NaN,NaN,NaN,NaN,NaN,NaN,NaN,NaN
2013,1,27,735261,NaN,NaN,NaN,NaN,NaN,NaN,NaN,NaN,NaN,NaN
2013,1,28,735262,NaN,NaN,NaN,NaN,NaN,NaN,NaN,NaN,NaN,NaN
2013,1,29,735263,NaN,NaN,NaN,NaN,NaN,NaN,NaN,NaN,NaN,NaN
2013,1,30,735264,NaN,NaN,NaN,NaN,NaN,NaN,NaN,NaN,NaN,NaN
2013,1,31,735265,NaN,NaN,NaN,NaN,NaN,NaN,NaN,NaN,NaN,NaN
2013,2,1,735266,NaN,NaN,NaN,NaN,NaN,NaN,NaN,NaN,NaN,NaN
2013,2,2,735267,NaN,NaN,NaN,NaN,NaN,NaN,NaN,NaN,NaN,NaN
2013,2,3,735268,NaN,NaN,NaN,NaN,NaN,NaN,NaN,NaN,NaN,NaN
2013,2,4,735269,NaN,NaN,NaN,NaN,NaN,NaN,NaN,NaN,NaN,NaN
2013,2,5,735270,NaN,NaN,NaN,NaN,NaN,NaN,NaN,NaN,NaN,NaN
2013,2,6,735271,NaN,NaN,NaN,NaN,NaN,NaN,NaN,NaN,NaN,NaN
2013,2,7,735272,NaN,NaN,NaN,NaN,NaN,NaN,NaN,NaN,NaN,NaN
2013,2,8,735273,NaN,NaN,NaN,NaN,NaN,NaN,NaN,NaN,NaN,NaN
2013,2,9,735274,NaN,NaN,NaN,NaN,NaN,NaN,NaN,NaN,NaN,NaN
2013,2,10,735275,NaN,NaN,NaN,NaN,NaN,NaN,NaN,NaN,NaN,NaN
2013,2,11,735276,NaN,NaN,NaN,NaN,NaN,NaN,NaN,NaN,NaN,NaN
2013,2,12,735277,NaN,NaN,NaN,NaN,NaN,NaN,NaN,NaN,NaN,NaN
2013,2,13,735278,NaN,NaN,NaN,NaN,NaN,NaN,NaN,NaN,NaN,NaN
2013,2,14,735279,NaN,NaN,NaN,NaN,NaN,NaN,NaN,NaN,NaN,NaN
2013,2,15,735280,NaN,NaN,NaN,NaN,NaN,NaN,NaN,NaN,NaN,NaN
2013,2,16,735281,NaN,NaN,NaN,NaN,NaN,NaN,NaN,NaN,NaN,NaN
2013,2,17,735282,NaN,NaN,NaN,NaN,NaN,NaN,NaN,NaN,NaN,NaN
2013,2,18,735283,NaN,NaN,NaN,NaN,NaN,NaN,NaN,NaN,NaN,NaN
2013,2,19,735284,NaN,NaN,NaN,NaN,NaN,NaN,NaN,NaN,NaN,NaN
2013,2,20,735285,NaN,NaN,NaN,NaN,NaN,NaN,NaN,NaN,NaN,NaN
2013,2,21,735286,NaN,NaN,NaN,NaN,NaN,NaN,NaN,NaN,NaN,NaN
2013,2,22,735287,NaN,NaN,NaN,NaN,NaN,NaN,NaN,NaN,NaN,NaN
2013,2,23,735288,NaN,NaN,NaN,NaN,NaN,NaN,NaN,NaN,NaN,NaN
2013,2,24,735289,NaN,NaN,NaN,NaN,NaN,NaN,NaN,NaN,NaN,NaN
2013,2,25,735290,NaN,NaN,NaN,NaN,NaN,NaN,NaN,NaN,NaN,NaN
2013,2,26,735291,NaN,NaN,NaN,NaN,NaN,NaN,NaN,NaN,NaN,NaN
2013,2,27,735292,NaN,NaN,NaN,NaN,NaN,NaN,NaN,NaN,NaN,NaN
2013,2,28,735293,NaN,NaN,NaN,NaN,NaN,NaN,NaN,NaN,NaN,NaN
2013,3,1,735294,NaN,NaN,NaN,NaN,NaN,NaN,NaN,NaN,NaN,NaN
2013,3,2,735295,NaN,NaN,NaN,NaN,NaN,NaN,NaN,NaN,NaN,NaN
2013,3,3,735296,NaN,NaN,NaN,NaN,NaN,NaN,NaN,NaN,NaN,NaN
2013,3,4,735297,NaN,NaN,NaN,NaN,NaN,NaN,NaN,NaN,NaN,NaN
2013,3,5,735298,NaN,NaN,NaN,NaN,NaN,NaN,NaN,NaN,NaN,NaN
2013,3,6,735299,NaN,NaN,NaN,NaN,NaN,NaN,NaN,NaN,NaN,NaN
2013,3,7,735300,NaN,NaN,NaN,NaN,NaN,NaN,NaN,NaN,NaN,NaN
2013,3,8,735301,NaN,NaN,NaN,NaN,NaN,NaN,NaN,NaN,NaN,NaN
2013,3,9,735302,NaN,NaN,NaN,NaN,NaN,NaN,NaN,NaN,NaN,NaN
2013,3,10,735303,NaN,NaN,NaN,NaN,NaN,NaN,NaN,NaN,NaN,NaN
2013,3,11,735304,NaN,NaN,NaN,NaN,NaN,NaN,NaN,NaN,NaN,NaN
2013,3,12,735305,NaN,NaN,NaN,NaN,NaN,NaN,NaN,NaN,NaN,NaN
2013,3,13,735306,NaN,NaN,NaN,NaN,NaN,NaN,NaN,NaN,NaN,NaN
2013,3,14,735307,NaN,NaN,NaN,NaN,NaN,NaN,NaN,NaN,NaN,NaN
2013,3,15,735308,NaN,NaN,NaN,NaN,NaN,NaN,NaN,NaN,NaN,NaN
2013,3,16,735309,NaN,NaN,NaN,NaN,NaN,NaN,NaN,NaN,NaN,NaN
2013,3,17,735310,NaN,NaN,NaN,NaN,NaN,NaN,NaN,NaN,NaN,NaN
2013,3,18,735311,NaN,NaN,NaN,NaN,NaN,NaN,NaN,NaN,NaN,NaN
2013,3,19,735312,NaN,NaN,NaN,NaN,NaN,NaN,NaN,NaN,NaN,NaN
2013,3,20,735313,NaN,NaN,NaN,NaN,NaN,NaN,NaN,NaN,NaN,NaN
2013,3,21,735314,NaN,NaN,NaN,NaN,NaN,NaN,NaN,NaN,NaN,NaN
2013,3,22,735315,NaN,NaN,NaN,NaN,NaN,NaN,NaN,NaN,NaN,NaN
2013,3,23,735316,NaN,NaN,NaN,NaN,NaN,NaN,NaN,NaN,NaN,NaN
2013,3,24,735317,NaN,NaN,NaN,NaN,NaN,NaN,NaN,NaN,NaN,NaN
2013,3,25,735318,NaN,NaN,NaN,NaN,NaN,NaN,NaN,NaN,NaN,NaN
2013,3,26,735319,NaN,NaN,NaN,NaN,NaN,NaN,NaN,NaN,NaN,NaN
2013,3,27,735320,NaN,NaN,NaN,NaN,NaN,NaN,NaN,NaN,NaN,NaN
2013,3,28,735321,NaN,NaN,NaN,NaN,NaN,NaN,NaN,NaN,NaN,NaN
2013,3,29,735322,NaN,NaN,NaN,NaN,NaN,NaN,NaN,NaN,NaN,NaN
2013,3,30,735323,NaN,NaN,NaN,NaN,NaN,NaN,NaN,NaN,NaN,NaN
2013,3,31,735324,NaN,NaN,NaN,NaN,NaN,NaN,NaN,NaN,NaN,NaN
2013,4,1,735325,NaN,NaN,NaN,NaN,NaN,NaN,NaN,NaN,NaN,NaN
2013,4,2,735326,NaN,NaN,NaN,NaN,NaN,NaN,NaN,NaN,NaN,NaN
2013,4,3,735327,NaN,NaN,NaN,NaN,NaN,NaN,NaN,NaN,NaN,NaN
2013,4,4,735328,NaN,NaN,NaN,NaN,NaN,NaN,NaN,NaN,NaN,NaN
2013,4,5,735329,NaN,NaN,NaN,NaN,NaN,NaN,NaN,NaN,NaN,NaN
2013,4,6,735330,NaN,NaN,NaN,NaN,NaN,NaN,NaN,NaN,NaN,NaN
2013,4,7,735331,NaN,NaN,NaN,NaN,NaN,NaN,NaN,NaN,NaN,NaN
2013,4,8,735332,NaN,NaN,NaN,NaN,NaN,NaN,NaN,NaN,NaN,NaN
2013,4,9,735333,NaN,NaN,NaN,NaN,NaN,NaN,NaN,NaN,NaN,NaN
2013,4,10,735334,NaN,NaN,NaN,NaN,NaN,NaN,NaN,NaN,NaN,NaN
2013,4,11,735335,NaN,NaN,NaN,NaN,NaN,NaN,NaN,NaN,NaN,NaN
2013,4,12,735336,NaN,NaN,NaN,NaN,NaN,NaN,NaN,NaN,NaN,NaN
2013,4,13,735337,NaN,NaN,NaN,NaN,NaN,NaN,NaN,NaN,NaN,NaN
2013,4,14,735338,NaN,NaN,NaN,NaN,NaN,NaN,NaN,NaN,NaN,NaN
2013,4,15,735339,NaN,NaN,NaN,NaN,NaN,NaN,NaN,NaN,NaN,NaN
2013,4,16,735340,NaN,NaN,NaN,NaN,NaN,NaN,NaN,NaN,NaN,NaN
2013,4,17,735341,NaN,NaN,NaN,NaN,NaN,NaN,NaN,NaN,NaN,NaN
2013,4,18,735342,NaN,NaN,NaN,NaN,NaN,NaN,NaN,NaN,NaN,NaN
2013,4,19,735343,NaN,NaN,NaN,NaN,NaN,NaN,NaN,NaN,NaN,NaN
2013,4,20,735344,NaN,NaN,NaN,NaN,NaN,NaN,NaN,NaN,NaN,NaN
2013,4,21,735345,NaN,NaN,NaN,NaN,NaN,NaN,NaN,NaN,NaN,NaN
2013,4,22,735346,NaN,NaN,NaN,NaN,NaN,NaN,NaN,NaN,NaN,NaN
2013,4,23,735347,NaN,NaN,NaN,NaN,NaN,NaN,NaN,NaN,NaN,NaN
2013,4,24,735348,NaN,NaN,NaN,NaN,NaN,NaN,NaN,NaN,NaN,NaN
2013,4,25,735349,NaN,NaN,NaN,NaN,NaN,NaN,NaN,NaN,NaN,NaN
2013,4,26,735350,NaN,NaN,NaN,NaN,NaN,NaN,NaN,NaN,NaN,NaN
2013,4,27,735351,NaN,NaN,NaN,NaN,NaN,NaN,NaN,NaN,NaN,NaN
2013,4,28,735352,NaN,NaN,NaN,NaN,NaN,NaN,NaN,NaN,NaN,NaN
2013,4,29,735353,NaN,NaN,NaN,NaN,NaN,NaN,NaN,NaN,NaN,NaN
2013,4,30,735354,NaN,NaN,NaN,NaN,NaN,NaN,NaN,NaN,NaN,NaN
2013,5,1,735355,NaN,NaN,NaN,NaN,NaN,NaN,NaN,NaN,NaN,NaN
2013,5,2,735356,NaN,NaN,NaN,NaN,NaN,NaN,NaN,NaN,NaN,NaN
2013,5,3,735357,NaN,NaN,NaN,NaN,NaN,NaN,NaN,NaN,NaN,NaN
2013,5,4,735358,NaN,NaN,NaN,NaN,NaN,NaN,NaN,NaN,NaN,NaN
2013,5,5,735359,NaN,NaN,NaN,NaN,NaN,NaN,NaN,NaN,NaN,NaN
2013,5,6,735360,NaN,NaN,NaN,NaN,NaN,NaN,NaN,NaN,NaN,NaN
2013,5,7,735361,NaN,NaN,NaN,NaN,NaN,NaN,NaN,NaN,NaN,NaN
2013,5,8,735362,NaN,NaN,NaN,NaN,NaN,NaN,NaN,NaN,NaN,NaN
2013,5,9,735363,NaN,NaN,NaN,NaN,NaN,NaN,NaN,NaN,NaN,NaN
2013,5,10,735364,NaN,NaN,NaN,NaN,NaN,NaN,NaN,NaN,NaN,NaN
2013,5,11,735365,NaN,NaN,NaN,NaN,NaN,NaN,NaN,NaN,NaN,NaN
2013,5,12,735366,NaN,NaN,NaN,NaN,NaN,NaN,NaN,NaN,NaN,NaN
2013,5,13,735367,NaN,NaN,NaN,NaN,NaN,NaN,NaN,NaN,NaN,NaN
2013,5,14,735368,NaN,NaN,NaN,NaN,NaN,NaN,NaN,NaN,NaN,NaN
2013,5,15,735369,NaN,NaN,NaN,NaN,NaN,NaN,NaN,NaN,NaN,NaN
2013,5,16,735370,NaN,NaN,NaN,NaN,NaN,NaN,NaN,NaN,NaN,NaN
2013,5,17,735371,NaN,NaN,NaN,NaN,NaN,NaN,NaN,NaN,NaN,NaN
2013,5,18,735372,NaN,NaN,NaN,NaN,NaN,NaN,NaN,NaN,NaN,NaN
2013,5,19,735373,NaN,NaN,NaN,NaN,NaN,NaN,NaN,NaN,NaN,NaN
2013,5,20,735374,NaN,NaN,NaN,NaN,NaN,NaN,NaN,NaN,NaN,NaN
2013,5,21,735375,NaN,NaN,NaN,NaN,NaN,NaN,NaN,NaN,NaN,NaN
2013,5,22,735376,NaN,NaN,NaN,NaN,NaN,NaN,NaN,NaN,NaN,NaN
2013,5,23,735377,NaN,NaN,NaN,NaN,NaN,NaN,NaN,NaN,NaN,NaN
2013,5,24,735378,NaN,NaN,NaN,NaN,NaN,NaN,NaN,NaN,NaN,NaN
2013,5,25,735379,NaN,NaN,NaN,NaN,NaN,NaN,NaN,NaN,NaN,NaN
2013,5,26,735380,NaN,NaN,NaN,NaN,NaN,NaN,NaN,NaN,NaN,NaN
2013,5,27,735381,NaN,NaN,NaN,NaN,NaN,NaN,NaN,NaN,NaN,NaN
2013,5,28,735382,NaN,NaN,NaN,NaN,NaN,NaN,NaN,NaN,NaN,NaN
2013,5,29,735383,NaN,NaN,NaN,NaN,NaN,NaN,NaN,NaN,NaN,NaN
2013,5,30,735384,NaN,NaN,NaN,NaN,NaN,NaN,NaN,NaN,NaN,NaN
2013,5,31,735385,NaN,NaN,NaN,NaN,NaN,NaN,NaN,NaN,NaN,NaN
2013,6,1,735386,NaN,NaN,NaN,NaN,NaN,NaN,NaN,NaN,NaN,NaN
2013,6,2,735387,NaN,NaN,NaN,NaN,NaN,NaN,NaN,NaN,NaN,NaN
2013,6,3,735388,NaN,NaN,NaN,NaN,NaN,NaN,NaN,NaN,NaN,NaN
2013,6,4,735389,NaN,NaN,NaN,NaN,NaN,NaN,NaN,NaN,NaN,NaN
2013,6,5,735390,NaN,NaN,NaN,NaN,NaN,NaN,NaN,NaN,NaN,NaN
2013,6,6,735391,NaN,NaN,NaN,NaN,NaN,NaN,NaN,NaN,NaN,NaN
2013,6,7,735392,NaN,NaN,NaN,NaN,NaN,NaN,NaN,NaN,NaN,NaN
2013,6,8,735393,NaN,NaN,NaN,NaN,NaN,NaN,NaN,NaN,NaN,NaN
2013,6,9,735394,NaN,NaN,NaN,NaN,NaN,NaN,NaN,NaN,NaN,NaN
2013,6,10,735395,NaN,NaN,NaN,NaN,NaN,NaN,NaN,NaN,NaN,NaN
2013,6,11,735396,NaN,NaN,NaN,NaN,NaN,NaN,NaN,NaN,NaN,NaN
2013,6,12,735397,NaN,NaN,NaN,NaN,NaN,NaN,NaN,NaN,NaN,NaN
2013,6,13,735398,NaN,NaN,NaN,NaN,NaN,NaN,NaN,NaN,NaN,NaN
2013,6,14,735399,NaN,NaN,NaN,NaN,NaN,NaN,NaN,NaN,NaN,NaN
2013,6,15,735400,NaN,NaN,NaN,NaN,NaN,NaN,NaN,NaN,NaN,NaN
2013,6,16,735401,NaN,NaN,NaN,NaN,NaN,NaN,NaN,NaN,NaN,NaN
2013,6,17,735402,NaN,NaN,NaN,NaN,NaN,NaN,NaN,NaN,NaN,NaN
2013,6,18,735403,NaN,NaN,NaN,NaN,NaN,NaN,NaN,NaN,NaN,NaN
2013,6,19,735404,NaN,NaN,NaN,NaN,NaN,NaN,NaN,NaN,NaN,NaN
2013,6,20,735405,NaN,NaN,NaN,NaN,NaN,NaN,NaN,NaN,NaN,NaN
2013,6,21,735406,NaN,NaN,NaN,NaN,NaN,NaN,NaN,NaN,NaN,NaN
2013,6,22,735407,NaN,NaN,NaN,NaN,NaN,NaN,NaN,NaN,NaN,NaN
2013,6,23,735408,NaN,NaN,NaN,NaN,NaN,NaN,NaN,NaN,NaN,NaN
2013,6,24,735409,NaN,NaN,NaN,NaN,NaN,NaN,NaN,NaN,NaN,NaN
2013,6,25,735410,NaN,NaN,NaN,NaN,NaN,NaN,NaN,NaN,NaN,NaN
2013,6,26,735411,NaN,NaN,NaN,NaN,NaN,NaN,NaN,NaN,NaN,NaN
2013,6,27,735412,NaN,NaN,NaN,NaN,NaN,NaN,NaN,NaN,NaN,NaN
2013,6,28,735413,NaN,NaN,NaN,NaN,NaN,NaN,NaN,NaN,NaN,NaN
2013,6,29,735414,NaN,NaN,NaN,NaN,NaN,NaN,NaN,NaN,NaN,NaN
2013,6,30,735415,NaN,NaN,NaN,NaN,NaN,NaN,NaN,NaN,NaN,NaN
2013,7,1,735416,NaN,NaN,NaN,NaN,NaN,NaN,NaN,NaN,NaN,NaN
2013,7,2,735417,NaN,NaN,NaN,NaN,NaN,NaN,NaN,NaN,NaN,NaN
2013,7,3,735418,NaN,NaN,NaN,NaN,NaN,NaN,NaN,NaN,NaN,NaN
2013,7,4,735419,NaN,NaN,NaN,NaN,NaN,NaN,NaN,NaN,NaN,NaN
2013,7,5,735420,NaN,NaN,NaN,NaN,NaN,NaN,NaN,NaN,NaN,NaN
2013,7,6,735421,NaN,NaN,NaN,NaN,NaN,NaN,NaN,NaN,NaN,NaN
2013,7,7,735422,NaN,NaN,NaN,NaN,NaN,NaN,NaN,NaN,NaN,NaN
2013,7,8,735423,NaN,NaN,NaN,NaN,NaN,NaN,NaN,NaN,NaN,NaN
2013,7,9,735424,NaN,NaN,NaN,NaN,NaN,NaN,NaN,NaN,NaN,NaN
2013,7,10,735425,NaN,NaN,NaN,NaN,NaN,NaN,NaN,NaN,NaN,NaN
2013,7,11,735426,NaN,NaN,NaN,NaN,NaN,NaN,NaN,NaN,NaN,NaN
2013,7,12,735427,NaN,NaN,NaN,NaN,NaN,NaN,NaN,NaN,NaN,NaN
2013,7,13,735428,NaN,NaN,NaN,NaN,NaN,NaN,NaN,NaN,NaN,NaN
2013,7,14,735429,NaN,NaN,NaN,NaN,NaN,NaN,NaN,NaN,NaN,NaN
2013,7,15,735430,NaN,NaN,NaN,NaN,NaN,NaN,NaN,NaN,NaN,NaN
2013,7,16,735431,NaN,NaN,NaN,NaN,NaN,NaN,NaN,NaN,NaN,NaN
2013,7,17,735432,NaN,NaN,NaN,NaN,NaN,NaN,NaN,NaN,NaN,NaN
2013,7,18,735433,NaN,NaN,NaN,NaN,NaN,NaN,NaN,NaN,NaN,NaN
2013,7,19,735434,NaN,NaN,NaN,NaN,NaN,NaN,NaN,NaN,NaN,NaN
2013,7,20,735435,NaN,NaN,NaN,NaN,NaN,NaN,NaN,NaN,NaN,NaN
2013,7,21,735436,NaN,NaN,NaN,NaN,NaN,NaN,NaN,NaN,NaN,NaN
2013,7,22,735437,NaN,NaN,NaN,NaN,NaN,NaN,NaN,NaN,NaN,NaN
2013,7,23,735438,NaN,NaN,NaN,NaN,NaN,NaN,NaN,NaN,NaN,NaN
2013,7,24,735439,NaN,NaN,NaN,NaN,NaN,NaN,NaN,NaN,NaN,NaN
2013,7,25,735440,NaN,NaN,NaN,NaN,NaN,NaN,NaN,NaN,NaN,NaN
2013,7,26,735441,NaN,NaN,NaN,NaN,NaN,NaN,NaN,NaN,NaN,NaN
2013,7,27,735442,NaN,NaN,NaN,NaN,NaN,NaN,NaN,NaN,NaN,NaN
2013,7,28,735443,NaN,NaN,NaN,NaN,NaN,NaN,NaN,NaN,NaN,NaN
2013,7,29,735444,NaN,NaN,NaN,NaN,NaN,NaN,NaN,NaN,NaN,NaN
2013,7,30,735445,NaN,NaN,NaN,NaN,NaN,NaN,NaN,NaN,NaN,NaN
2013,7,31,735446,NaN,NaN,NaN,NaN,NaN,NaN,NaN,NaN,NaN,NaN
2013,8,1,735447,NaN,NaN,NaN,NaN,NaN,NaN,NaN,NaN,NaN,NaN
2013,8,2,735448,NaN,NaN,NaN,NaN,NaN,NaN,NaN,NaN,NaN,NaN
2013,8,3,735449,NaN,NaN,NaN,NaN,NaN,NaN,NaN,NaN,NaN,NaN
2013,8,4,735450,NaN,NaN,NaN,NaN,NaN,NaN,NaN,NaN,NaN,NaN
2013,8,5,735451,NaN,NaN,NaN,NaN,NaN,NaN,NaN,NaN,NaN,NaN
2013,8,6,735452,NaN,NaN,NaN,NaN,NaN,NaN,NaN,NaN,NaN,NaN
2013,8,7,735453,NaN,NaN,NaN,NaN,NaN,NaN,NaN,NaN,NaN,NaN
2013,8,8,735454,NaN,NaN,NaN,NaN,NaN,NaN,NaN,NaN,NaN,NaN
2013,8,9,735455,NaN,NaN,NaN,NaN,NaN,NaN,NaN,NaN,NaN,NaN
2013,8,10,735456,NaN,NaN,NaN,NaN,NaN,NaN,NaN,NaN,NaN,NaN
2013,8,11,735457,NaN,NaN,NaN,NaN,NaN,NaN,NaN,NaN,NaN,NaN
2013,8,12,735458,NaN,NaN,NaN,NaN,NaN,NaN,NaN,NaN,NaN,NaN
2013,8,13,735459,NaN,NaN,NaN,NaN,NaN,NaN,NaN,NaN,NaN,NaN
2013,8,14,735460,NaN,NaN,NaN,NaN,NaN,NaN,NaN,NaN,NaN,NaN
2013,8,15,735461,NaN,NaN,NaN,NaN,NaN,NaN,NaN,NaN,NaN,NaN
2013,8,16,735462,NaN,NaN,NaN,NaN,NaN,NaN,NaN,NaN,NaN,NaN
2013,8,17,735463,NaN,NaN,NaN,NaN,NaN,NaN,NaN,NaN,NaN,NaN
2013,8,18,735464,NaN,NaN,NaN,NaN,NaN,NaN,NaN,NaN,NaN,NaN
2013,8,19,735465,NaN,NaN,NaN,NaN,NaN,NaN,NaN,NaN,NaN,NaN
2013,8,20,735466,NaN,NaN,NaN,NaN,NaN,NaN,NaN,NaN,NaN,NaN
2013,8,21,735467,NaN,NaN,NaN,NaN,NaN,NaN,NaN,NaN,NaN,NaN
2013,8,22,735468,NaN,NaN,NaN,NaN,NaN,NaN,NaN,NaN,NaN,NaN
2013,8,23,735469,NaN,NaN,NaN,NaN,NaN,NaN,NaN,NaN,NaN,NaN
2013,8,24,735470,NaN,NaN,NaN,NaN,NaN,NaN,NaN,NaN,NaN,NaN
2013,8,25,735471,NaN,NaN,NaN,NaN,NaN,NaN,NaN,NaN,NaN,NaN
2013,8,26,735472,NaN,NaN,NaN,NaN,NaN,NaN,NaN,NaN,NaN,NaN
2013,8,27,735473,NaN,NaN,NaN,NaN,NaN,NaN,NaN,NaN,NaN,NaN
2013,8,28,735474,NaN,NaN,NaN,NaN,NaN,NaN,NaN,NaN,NaN,NaN
2013,8,29,735475,NaN,NaN,NaN,NaN,NaN,NaN,NaN,NaN,NaN,NaN
2013,8,30,735476,NaN,NaN,NaN,NaN,NaN,NaN,NaN,NaN,NaN,NaN
2013,8,31,735477,NaN,NaN,NaN,NaN,NaN,NaN,NaN,NaN,NaN,NaN
2013,9,1,735478,NaN,NaN,NaN,NaN,NaN,NaN,NaN,NaN,NaN,NaN
2013,9,2,735479,NaN,NaN,NaN,NaN,NaN,NaN,NaN,NaN,NaN,NaN
2013,9,3,735480,NaN,NaN,NaN,NaN,NaN,NaN,NaN,NaN,NaN,NaN
2013,9,4,735481,NaN,NaN,NaN,NaN,NaN,NaN,NaN,NaN,NaN,NaN
2013,9,5,735482,NaN,NaN,NaN,NaN,NaN,NaN,NaN,NaN,NaN,NaN
2013,9,6,735483,NaN,NaN,NaN,NaN,NaN,NaN,NaN,NaN,NaN,NaN
2013,9,7,735484,NaN,NaN,NaN,NaN,NaN,NaN,NaN,NaN,NaN,NaN
2013,9,8,735485,NaN,NaN,NaN,NaN,NaN,NaN,NaN,NaN,NaN,NaN
2013,9,9,735486,NaN,NaN,NaN,NaN,NaN,NaN,NaN,NaN,NaN,NaN
2013,9,10,735487,NaN,NaN,NaN,NaN,NaN,NaN,NaN,NaN,NaN,NaN
2013,9,11,735488,NaN,NaN,NaN,NaN,NaN,NaN,NaN,NaN,NaN,NaN
2013,9,12,735489,NaN,NaN,NaN,NaN,NaN,NaN,NaN,NaN,NaN,NaN
2013,9,13,735490,NaN,NaN,NaN,NaN,NaN,NaN,NaN,NaN,NaN,NaN
2013,9,14,735491,NaN,NaN,NaN,NaN,NaN,NaN,NaN,NaN,NaN,NaN
2013,9,15,735492,NaN,NaN,NaN,NaN,NaN,NaN,NaN,NaN,NaN,NaN
2013,9,16,735493,NaN,NaN,NaN,NaN,NaN,NaN,NaN,NaN,NaN,NaN
2013,9,17,735494,NaN,NaN,NaN,NaN,NaN,NaN,NaN,NaN,NaN,NaN
2013,9,18,735495,NaN,NaN,NaN,NaN,NaN,NaN,NaN,NaN,NaN,NaN
2013,9,19,735496,NaN,NaN,NaN,NaN,NaN,NaN,NaN,NaN,NaN,NaN
2013,9,20,735497,NaN,NaN,NaN,NaN,NaN,NaN,NaN,NaN,NaN,NaN
2013,9,21,735498,NaN,NaN,NaN,NaN,NaN,NaN,NaN,NaN,NaN,NaN
2013,9,22,735499,NaN,NaN,NaN,NaN,NaN,NaN,NaN,NaN,NaN,NaN
2013,9,23,735500,NaN,NaN,NaN,NaN,NaN,NaN,NaN,NaN,NaN,NaN
2013,9,24,735501,NaN,NaN,NaN,NaN,NaN,NaN,NaN,NaN,NaN,NaN
2013,9,25,735502,NaN,NaN,NaN,NaN,NaN,NaN,NaN,NaN,NaN,NaN
2013,9,26,735503,NaN,NaN,NaN,NaN,NaN,NaN,NaN,NaN,NaN,NaN
2013,9,27,735504,NaN,NaN,NaN,NaN,NaN,NaN,NaN,NaN,NaN,NaN
2013,9,28,735505,NaN,NaN,NaN,NaN,NaN,NaN,NaN,NaN,NaN,NaN
2013,9,29,735506,NaN,NaN,NaN,NaN,NaN,NaN,NaN,NaN,NaN,NaN
2013,9,30,735507,NaN,NaN,NaN,NaN,NaN,NaN,NaN,NaN,NaN,NaN
2013,10,1,735508,NaN,NaN,NaN,NaN,NaN,NaN,NaN,NaN,NaN,NaN
2013,10,2,735509,NaN,NaN,NaN,NaN,NaN,NaN,NaN,NaN,NaN,NaN
2013,10,3,735510,NaN,NaN,NaN,NaN,NaN,NaN,NaN,NaN,NaN,NaN
2013,10,4,735511,NaN,NaN,NaN,NaN,NaN,NaN,NaN,NaN,NaN,NaN
2013,10,5,735512,NaN,NaN,NaN,NaN,NaN,NaN,NaN,NaN,NaN,NaN
2013,10,6,735513,NaN,NaN,NaN,NaN,NaN,NaN,NaN,NaN,NaN,NaN
2013,10,7,735514,NaN,NaN,NaN,NaN,NaN,NaN,NaN,NaN,NaN,NaN
2013,10,8,735515,NaN,NaN,NaN,NaN,NaN,NaN,NaN,NaN,NaN,NaN
2013,10,9,735516,NaN,NaN,NaN,NaN,NaN,NaN,NaN,NaN,NaN,NaN
2013,10,10,735517,NaN,NaN,NaN,NaN,NaN,NaN,NaN,NaN,NaN,NaN
2013,10,11,735518,NaN,NaN,NaN,NaN,NaN,NaN,NaN,NaN,NaN,NaN
2013,10,12,735519,NaN,NaN,NaN,NaN,NaN,NaN,NaN,NaN,NaN,NaN
2013,10,13,735520,NaN,NaN,NaN,NaN,NaN,NaN,NaN,NaN,NaN,NaN
2013,10,14,735521,NaN,NaN,NaN,NaN,NaN,NaN,NaN,NaN,NaN,NaN
2013,10,15,735522,NaN,NaN,NaN,NaN,NaN,NaN,NaN,NaN,NaN,NaN
2013,10,16,735523,NaN,NaN,NaN,NaN,NaN,NaN,NaN,NaN,NaN,NaN
2013,10,17,735524,NaN,NaN,NaN,NaN,NaN,NaN,NaN,NaN,NaN,NaN
2013,10,18,735525,NaN,NaN,NaN,NaN,NaN,NaN,NaN,NaN,NaN,NaN
2013,10,19,735526,NaN,NaN,NaN,NaN,NaN,NaN,NaN,NaN,NaN,NaN
2013,10,20,735527,NaN,NaN,NaN,NaN,NaN,NaN,NaN,NaN,NaN,NaN
2013,10,21,735528,NaN,NaN,NaN,NaN,NaN,NaN,NaN,NaN,NaN,NaN
2013,10,22,735529,NaN,NaN,NaN,NaN,NaN,NaN,NaN,NaN,NaN,NaN
2013,10,23,735530,NaN,NaN,NaN,NaN,NaN,NaN,NaN,NaN,NaN,NaN
2013,10,24,735531,NaN,NaN,NaN,NaN,NaN,NaN,NaN,NaN,NaN,NaN
2013,10,25,735532,NaN,NaN,NaN,NaN,NaN,NaN,NaN,NaN,NaN,NaN
2013,10,26,735533,NaN,NaN,NaN,NaN,NaN,NaN,NaN,NaN,NaN,NaN
2013,10,27,735534,NaN,NaN,NaN,NaN,NaN,NaN,NaN,NaN,NaN,NaN
2013,10,28,735535,NaN,NaN,NaN,NaN,NaN,NaN,NaN,NaN,NaN,NaN
2013,10,29,735536,NaN,NaN,NaN,NaN,NaN,NaN,NaN,NaN,NaN,NaN
2013,10,30,735537,NaN,NaN,NaN,NaN,NaN,NaN,NaN,NaN,NaN,NaN
2013,10,31,735538,NaN,NaN,NaN,NaN,NaN,NaN,NaN,NaN,NaN,NaN
2013,11,1,735539,NaN,NaN,NaN,NaN,NaN,NaN,NaN,NaN,NaN,NaN
2013,11,2,735540,NaN,NaN,NaN,NaN,NaN,NaN,NaN,NaN,NaN,NaN
2013,11,3,735541,NaN,NaN,NaN,NaN,NaN,NaN,NaN,NaN,NaN,NaN
2013,11,4,735542,NaN,NaN,NaN,NaN,NaN,NaN,NaN,NaN,NaN,NaN
2013,11,5,735543,NaN,NaN,NaN,NaN,NaN,NaN,NaN,NaN,NaN,NaN
2013,11,6,735544,NaN,NaN,NaN,NaN,NaN,NaN,NaN,NaN,NaN,NaN
2013,11,7,735545,NaN,NaN,NaN,NaN,NaN,NaN,NaN,NaN,NaN,NaN
2013,11,8,735546,NaN,NaN,NaN,NaN,NaN,NaN,NaN,NaN,NaN,NaN
2013,11,9,735547,NaN,NaN,NaN,NaN,NaN,NaN,NaN,NaN,NaN,NaN
2013,11,10,735548,NaN,NaN,NaN,NaN,NaN,NaN,NaN,NaN,NaN,NaN
2013,11,11,735549,NaN,NaN,NaN,NaN,NaN,NaN,NaN,NaN,NaN,NaN
2013,11,12,735550,NaN,NaN,NaN,NaN,NaN,NaN,NaN,NaN,NaN,NaN
2013,11,13,735551,NaN,NaN,NaN,NaN,NaN,NaN,NaN,NaN,NaN,NaN
2013,11,14,735552,NaN,NaN,NaN,NaN,NaN,NaN,NaN,NaN,NaN,NaN
2013,11,15,735553,NaN,NaN,NaN,NaN,NaN,NaN,NaN,NaN,NaN,NaN
2013,11,16,735554,NaN,NaN,NaN,NaN,NaN,NaN,NaN,NaN,NaN,NaN
2013,11,17,735555,NaN,NaN,NaN,NaN,NaN,NaN,NaN,NaN,NaN,NaN
2013,11,18,735556,NaN,NaN,NaN,NaN,NaN,NaN,NaN,NaN,NaN,NaN
2013,11,19,735557,NaN,NaN,NaN,NaN,NaN,NaN,NaN,NaN,NaN,NaN
2013,11,20,735558,NaN,NaN,NaN,NaN,NaN,NaN,NaN,NaN,NaN,NaN
2013,11,21,735559,NaN,NaN,NaN,NaN,NaN,NaN,NaN,NaN,NaN,NaN
2013,11,22,735560,NaN,NaN,NaN,NaN,NaN,NaN,NaN,NaN,NaN,NaN
2013,11,23,735561,NaN,NaN,NaN,NaN,NaN,NaN,NaN,NaN,NaN,NaN
2013,11,24,735562,NaN,NaN,NaN,NaN,NaN,NaN,NaN,NaN,NaN,NaN
2013,11,25,735563,NaN,NaN,NaN,NaN,NaN,NaN,NaN,NaN,NaN,NaN
2013,11,26,735564,NaN,NaN,NaN,NaN,NaN,NaN,NaN,NaN,NaN,NaN
2013,11,27,735565,NaN,NaN,NaN,NaN,NaN,NaN,NaN,NaN,NaN,NaN
2013,11,28,735566,NaN,NaN,NaN,NaN,NaN,NaN,NaN,NaN,NaN,NaN
2013,11,29,735567,NaN,NaN,NaN,NaN,NaN,NaN,NaN,NaN,NaN,NaN
2013,11,30,735568,NaN,NaN,NaN,NaN,NaN,NaN,NaN,NaN,NaN,NaN
2013,12,1,735569,NaN,NaN,NaN,NaN,NaN,NaN,NaN,NaN,NaN,NaN
2013,12,2,735570,NaN,NaN,NaN,NaN,NaN,NaN,NaN,NaN,NaN,NaN
2013,12,3,735571,NaN,NaN,NaN,NaN,NaN,NaN,NaN,NaN,NaN,NaN
2013,12,4,735572,NaN,NaN,NaN,NaN,NaN,NaN,NaN,NaN,NaN,NaN
2013,12,5,735573,NaN,NaN,NaN,NaN,NaN,NaN,NaN,NaN,NaN,NaN
2013,12,6,735574,NaN,NaN,NaN,NaN,NaN,NaN,NaN,NaN,NaN,NaN
2013,12,7,735575,NaN,NaN,NaN,NaN,NaN,NaN,NaN,NaN,NaN,NaN
2013,12,8,735576,NaN,NaN,NaN,NaN,NaN,NaN,NaN,NaN,NaN,NaN
2013,12,9,735577,NaN,NaN,NaN,NaN,NaN,NaN,NaN,NaN,NaN,NaN
2013,12,10,735578,NaN,NaN,NaN,NaN,NaN,NaN,NaN,NaN,NaN,NaN
2013,12,11,735579,NaN,NaN,NaN,NaN,NaN,NaN,NaN,NaN,NaN,NaN
2013,12,12,735580,NaN,NaN,NaN,NaN,NaN,NaN,NaN,NaN,NaN,NaN
2013,12,13,735581,NaN,NaN,NaN,NaN,NaN,NaN,NaN,NaN,NaN,NaN
2013,12,14,735582,NaN,NaN,NaN,NaN,NaN,NaN,NaN,NaN,NaN,NaN
2013,12,15,735583,NaN,NaN,NaN,NaN,NaN,NaN,NaN,NaN,NaN,NaN
2013,12,16,735584,NaN,NaN,NaN,NaN,NaN,NaN,NaN,NaN,NaN,NaN
2013,12,17,735585,NaN,NaN,NaN,NaN,NaN,NaN,NaN,NaN,NaN,NaN
2013,12,18,735586,NaN,NaN,NaN,NaN,NaN,NaN,NaN,NaN,NaN,NaN
2013,12,19,735587,NaN,NaN,NaN,NaN,NaN,NaN,NaN,NaN,NaN,NaN
2013,12,20,735588,NaN,NaN,NaN,NaN,NaN,NaN,NaN,NaN,NaN,NaN
2013,12,21,735589,NaN,NaN,NaN,NaN,NaN,NaN,NaN,NaN,NaN,NaN
2013,12,22,735590,NaN,NaN,NaN,NaN,NaN,NaN,NaN,NaN,NaN,NaN
2013,12,23,735591,NaN,NaN,NaN,NaN,NaN,NaN,NaN,NaN,NaN,NaN
2013,12,24,735592,NaN,NaN,NaN,NaN,NaN,NaN,NaN,NaN,NaN,NaN
2013,12,25,735593,NaN,NaN,NaN,NaN,NaN,NaN,NaN,NaN,NaN,NaN
2013,12,26,735594,NaN,NaN,NaN,NaN,NaN,NaN,NaN,NaN,NaN,NaN
2013,12,27,735595,NaN,NaN,NaN,NaN,NaN,NaN,NaN,NaN,NaN,NaN
2013,12,28,735596,NaN,NaN,NaN,NaN,NaN,NaN,NaN,NaN,NaN,NaN
2013,12,29,735597,NaN,NaN,NaN,NaN,NaN,NaN,NaN,NaN,NaN,NaN
2013,12,30,735598,NaN,NaN,NaN,NaN,NaN,NaN,NaN,NaN,NaN,NaN
2013,12,31,735599,NaN,NaN,NaN,NaN,NaN,NaN,NaN,NaN,NaN,NaN
2014,1,1,735600,NaN,NaN,NaN,NaN,NaN,NaN,NaN,NaN,NaN,NaN
2014,1,2,735601,NaN,NaN,NaN,NaN,NaN,NaN,NaN,NaN,NaN,NaN
2014,1,3,735602,NaN,NaN,NaN,NaN,NaN,NaN,NaN,NaN,NaN,NaN
2014,1,4,735603,NaN,NaN,NaN,NaN,NaN,NaN,NaN,NaN,NaN,NaN
2014,1,5,735604,NaN,NaN,NaN,NaN,NaN,NaN,NaN,NaN,NaN,NaN
2014,1,6,735605,NaN,NaN,NaN,NaN,NaN,NaN,NaN,NaN,NaN,NaN
2014,1,7,735606,NaN,NaN,NaN,NaN,NaN,NaN,NaN,NaN,NaN,NaN
2014,1,8,735607,NaN,NaN,NaN,NaN,NaN,NaN,NaN,NaN,NaN,NaN
2014,1,9,735608,NaN,NaN,NaN,NaN,NaN,NaN,NaN,NaN,NaN,NaN
2014,1,10,735609,NaN,NaN,NaN,NaN,NaN,NaN,NaN,NaN,NaN,NaN
2014,1,11,735610,NaN,NaN,NaN,NaN,NaN,NaN,NaN,NaN,NaN,NaN
2014,1,12,735611,NaN,NaN,NaN,NaN,NaN,NaN,NaN,NaN,NaN,NaN
2014,1,13,735612,NaN,NaN,NaN,NaN,NaN,NaN,NaN,NaN,NaN,NaN
2014,1,14,735613,NaN,NaN,NaN,NaN,NaN,NaN,NaN,NaN,NaN,NaN
2014,1,15,735614,NaN,NaN,NaN,NaN,NaN,NaN,NaN,NaN,NaN,NaN
2014,1,16,735615,NaN,NaN,NaN,NaN,NaN,NaN,NaN,NaN,NaN,NaN
2014,1,17,735616,NaN,NaN,NaN,NaN,NaN,NaN,NaN,NaN,NaN,NaN
2014,1,18,735617,NaN,NaN,NaN,NaN,NaN,NaN,NaN,NaN,NaN,NaN
2014,1,19,735618,NaN,NaN,NaN,NaN,NaN,NaN,NaN,NaN,NaN,NaN
2014,1,20,735619,NaN,NaN,NaN,NaN,NaN,NaN,NaN,NaN,NaN,NaN
2014,1,21,735620,NaN,NaN,NaN,NaN,NaN,NaN,NaN,NaN,NaN,NaN
2014,1,22,735621,NaN,NaN,NaN,NaN,NaN,NaN,NaN,NaN,NaN,NaN
2014,1,23,735622,NaN,NaN,NaN,NaN,NaN,NaN,NaN,NaN,NaN,NaN
2014,1,24,735623,NaN,NaN,NaN,NaN,NaN,NaN,NaN,NaN,NaN,NaN
2014,1,25,735624,NaN,NaN,NaN,NaN,NaN,NaN,NaN,NaN,NaN,NaN
2014,1,26,735625,NaN,NaN,NaN,NaN,NaN,NaN,NaN,NaN,NaN,NaN
2014,1,27,735626,NaN,NaN,NaN,NaN,NaN,NaN,NaN,NaN,NaN,NaN
2014,1,28,735627,NaN,NaN,NaN,NaN,NaN,NaN,NaN,NaN,NaN,NaN
2014,1,29,735628,NaN,NaN,NaN,NaN,NaN,NaN,NaN,NaN,NaN,NaN
2014,1,30,735629,NaN,NaN,NaN,NaN,NaN,NaN,NaN,NaN,NaN,NaN
2014,1,31,735630,NaN,NaN,NaN,NaN,NaN,NaN,NaN,NaN,NaN,NaN
2014,2,1,735631,NaN,NaN,NaN,NaN,NaN,NaN,NaN,NaN,NaN,NaN
2014,2,2,735632,NaN,NaN,NaN,NaN,NaN,NaN,NaN,NaN,NaN,NaN
2014,2,3,735633,NaN,NaN,NaN,NaN,NaN,NaN,NaN,NaN,NaN,NaN
2014,2,4,735634,NaN,NaN,NaN,NaN,NaN,NaN,NaN,NaN,NaN,NaN
2014,2,5,735635,NaN,NaN,NaN,NaN,NaN,NaN,NaN,NaN,NaN,NaN
2014,2,6,735636,NaN,NaN,NaN,NaN,NaN,NaN,NaN,NaN,NaN,NaN
2014,2,7,735637,NaN,NaN,NaN,NaN,NaN,NaN,NaN,NaN,NaN,NaN
2014,2,8,735638,NaN,NaN,NaN,NaN,NaN,NaN,NaN,NaN,NaN,NaN
2014,2,9,735639,NaN,NaN,NaN,NaN,NaN,NaN,NaN,NaN,NaN,NaN
2014,2,10,735640,NaN,NaN,NaN,NaN,NaN,NaN,NaN,NaN,NaN,NaN
2014,2,11,735641,NaN,NaN,NaN,NaN,NaN,NaN,NaN,NaN,NaN,NaN
2014,2,12,735642,NaN,NaN,NaN,NaN,NaN,NaN,NaN,NaN,NaN,NaN
2014,2,13,735643,NaN,NaN,NaN,NaN,NaN,NaN,NaN,NaN,NaN,NaN
2014,2,14,735644,NaN,NaN,NaN,NaN,NaN,NaN,NaN,NaN,NaN,NaN
2014,2,15,735645,NaN,NaN,NaN,NaN,NaN,NaN,NaN,NaN,NaN,NaN
2014,2,16,735646,NaN,NaN,NaN,NaN,NaN,NaN,NaN,NaN,NaN,NaN
2014,2,17,735647,NaN,NaN,NaN,NaN,NaN,NaN,NaN,NaN,NaN,NaN
2014,2,18,735648,NaN,NaN,NaN,NaN,NaN,NaN,NaN,NaN,NaN,NaN
2014,2,19,735649,NaN,NaN,NaN,NaN,NaN,NaN,NaN,NaN,NaN,NaN
2014,2,20,735650,NaN,NaN,NaN,NaN,NaN,NaN,NaN,NaN,NaN,NaN
2014,2,21,735651,NaN,NaN,NaN,NaN,NaN,NaN,NaN,NaN,NaN,NaN
2014,2,22,735652,NaN,NaN,NaN,NaN,NaN,NaN,NaN,NaN,NaN,NaN
2014,2,23,735653,NaN,NaN,NaN,NaN,NaN,NaN,NaN,NaN,NaN,NaN
2014,2,24,735654,NaN,NaN,NaN,NaN,NaN,NaN,NaN,NaN,NaN,NaN
2014,2,25,735655,NaN,NaN,NaN,NaN,NaN,NaN,NaN,NaN,NaN,NaN
2014,2,26,735656,NaN,NaN,NaN,NaN,NaN,NaN,NaN,NaN,NaN,NaN
2014,2,27,735657,NaN,NaN,NaN,NaN,NaN,NaN,NaN,NaN,NaN,NaN
2014,2,28,735658,NaN,NaN,NaN,NaN,NaN,NaN,NaN,NaN,NaN,NaN
2014,3,1,735659,NaN,NaN,NaN,NaN,NaN,NaN,NaN,NaN,NaN,NaN
2014,3,2,735660,NaN,NaN,NaN,NaN,NaN,NaN,NaN,NaN,NaN,NaN
2014,3,3,735661,NaN,NaN,NaN,NaN,NaN,NaN,NaN,NaN,NaN,NaN
2014,3,4,735662,NaN,NaN,NaN,NaN,NaN,NaN,NaN,NaN,NaN,NaN
2014,3,5,735663,NaN,NaN,NaN,NaN,NaN,NaN,NaN,NaN,NaN,NaN
2014,3,6,735664,NaN,NaN,NaN,NaN,NaN,NaN,NaN,NaN,NaN,NaN
2014,3,7,735665,NaN,NaN,NaN,NaN,NaN,NaN,NaN,NaN,NaN,NaN
2014,3,8,735666,NaN,NaN,NaN,NaN,NaN,NaN,NaN,NaN,NaN,NaN
2014,3,9,735667,NaN,NaN,NaN,NaN,NaN,NaN,NaN,NaN,NaN,NaN
2014,3,10,735668,NaN,NaN,NaN,NaN,NaN,NaN,NaN,NaN,NaN,NaN
2014,3,11,735669,NaN,NaN,NaN,NaN,NaN,NaN,NaN,NaN,NaN,NaN
2014,3,12,735670,NaN,NaN,NaN,NaN,NaN,NaN,NaN,NaN,NaN,NaN
2014,3,13,735671,NaN,NaN,NaN,NaN,NaN,NaN,NaN,NaN,NaN,NaN
2014,3,14,735672,NaN,NaN,NaN,NaN,NaN,NaN,NaN,NaN,NaN,NaN
2014,3,15,735673,NaN,NaN,NaN,NaN,NaN,NaN,NaN,NaN,NaN,NaN
2014,3,16,735674,NaN,NaN,NaN,NaN,NaN,NaN,NaN,NaN,NaN,NaN
2014,3,17,735675,NaN,NaN,NaN,NaN,NaN,NaN,NaN,NaN,NaN,NaN
2014,3,18,735676,NaN,NaN,NaN,NaN,NaN,NaN,NaN,NaN,NaN,NaN
2014,3,19,735677,NaN,NaN,NaN,NaN,NaN,NaN,NaN,NaN,NaN,NaN
2014,3,20,735678,NaN,NaN,NaN,NaN,NaN,NaN,NaN,NaN,NaN,NaN
2014,3,21,735679,NaN,NaN,NaN,NaN,NaN,NaN,NaN,NaN,NaN,NaN
2014,3,22,735680,NaN,NaN,NaN,NaN,NaN,NaN,NaN,NaN,NaN,NaN
2014,3,23,735681,NaN,NaN,NaN,NaN,NaN,NaN,NaN,NaN,NaN,NaN
2014,3,24,735682,NaN,NaN,NaN,NaN,NaN,NaN,NaN,NaN,NaN,NaN
2014,3,25,735683,NaN,NaN,NaN,NaN,NaN,NaN,NaN,NaN,NaN,NaN
2014,3,26,735684,NaN,NaN,NaN,NaN,NaN,NaN,NaN,NaN,NaN,NaN
2014,3,27,735685,NaN,NaN,NaN,NaN,NaN,NaN,NaN,NaN,NaN,NaN
2014,3,28,735686,NaN,NaN,NaN,NaN,NaN,NaN,NaN,NaN,NaN,NaN
2014,3,29,735687,NaN,NaN,NaN,NaN,NaN,NaN,NaN,NaN,NaN,NaN
2014,3,30,735688,NaN,NaN,NaN,NaN,NaN,NaN,NaN,NaN,NaN,NaN
2014,3,31,735689,NaN,NaN,NaN,NaN,NaN,NaN,NaN,NaN,NaN,NaN
2014,4,1,735690,NaN,NaN,NaN,NaN,NaN,NaN,NaN,NaN,NaN,NaN
2014,4,2,735691,NaN,NaN,NaN,NaN,NaN,NaN,NaN,NaN,NaN,NaN
2014,4,3,735692,NaN,NaN,NaN,NaN,NaN,NaN,NaN,NaN,NaN,NaN
2014,4,4,735693,NaN,NaN,NaN,NaN,NaN,NaN,NaN,NaN,NaN,NaN
2014,4,5,735694,NaN,NaN,NaN,NaN,NaN,NaN,NaN,NaN,NaN,NaN
2014,4,6,735695,NaN,NaN,NaN,NaN,NaN,NaN,NaN,NaN,NaN,NaN
2014,4,7,735696,NaN,NaN,NaN,NaN,NaN,NaN,NaN,NaN,NaN,NaN
2014,4,8,735697,NaN,NaN,NaN,NaN,NaN,NaN,NaN,NaN,NaN,NaN
2014,4,9,735698,NaN,NaN,NaN,NaN,NaN,NaN,NaN,NaN,NaN,NaN
2014,4,10,735699,NaN,NaN,NaN,NaN,NaN,NaN,NaN,NaN,NaN,NaN
2014,4,11,735700,NaN,NaN,NaN,NaN,NaN,NaN,NaN,NaN,NaN,NaN
2014,4,12,735701,NaN,NaN,NaN,NaN,NaN,NaN,NaN,NaN,NaN,NaN
2014,4,13,735702,NaN,NaN,NaN,NaN,NaN,NaN,NaN,NaN,NaN,NaN
2014,4,14,735703,NaN,NaN,NaN,NaN,NaN,NaN,NaN,NaN,NaN,NaN
2014,4,15,735704,NaN,NaN,NaN,NaN,NaN,NaN,NaN,NaN,NaN,NaN
2014,4,16,735705,NaN,NaN,NaN,NaN,NaN,NaN,NaN,NaN,NaN,NaN
2014,4,17,735706,NaN,NaN,NaN,NaN,NaN,NaN,NaN,NaN,NaN,NaN
2014,4,18,735707,NaN,NaN,NaN,NaN,NaN,NaN,NaN,NaN,NaN,NaN
2014,4,19,735708,NaN,NaN,NaN,NaN,NaN,NaN,NaN,NaN,NaN,NaN
2014,4,20,735709,NaN,NaN,NaN,NaN,NaN,NaN,NaN,NaN,NaN,NaN
2014,4,21,735710,NaN,NaN,NaN,NaN,NaN,NaN,NaN,NaN,NaN,NaN
2014,4,22,735711,NaN,NaN,NaN,NaN,NaN,NaN,NaN,NaN,NaN,NaN
2014,4,23,735712,NaN,NaN,NaN,NaN,NaN,NaN,NaN,NaN,NaN,NaN
2014,4,24,735713,NaN,NaN,NaN,NaN,NaN,NaN,NaN,NaN,NaN,NaN
2014,4,25,735714,NaN,NaN,NaN,NaN,NaN,NaN,NaN,NaN,NaN,NaN
2014,4,26,735715,NaN,NaN,NaN,NaN,NaN,NaN,NaN,NaN,NaN,NaN
2014,4,27,735716,NaN,NaN,NaN,NaN,NaN,NaN,NaN,NaN,NaN,NaN
2014,4,28,735717,NaN,NaN,NaN,NaN,NaN,NaN,NaN,NaN,NaN,NaN
2014,4,29,735718,NaN,NaN,NaN,NaN,NaN,NaN,NaN,NaN,NaN,NaN
2014,4,30,735719,NaN,NaN,NaN,NaN,NaN,NaN,NaN,NaN,NaN,NaN
2014,5,1,735720,NaN,NaN,NaN,NaN,NaN,NaN,NaN,NaN,NaN,NaN
2014,5,2,735721,NaN,NaN,NaN,NaN,NaN,NaN,NaN,NaN,NaN,NaN
2014,5,3,735722,NaN,NaN,NaN,NaN,NaN,NaN,NaN,NaN,NaN,NaN
2014,5,4,735723,NaN,NaN,NaN,NaN,NaN,NaN,NaN,NaN,NaN,NaN
2014,5,5,735724,NaN,NaN,NaN,NaN,NaN,NaN,NaN,NaN,NaN,NaN
2014,5,6,735725,NaN,NaN,NaN,NaN,NaN,NaN,NaN,NaN,NaN,NaN
2014,5,7,735726,NaN,NaN,NaN,NaN,NaN,NaN,NaN,NaN,NaN,NaN
2014,5,8,735727,NaN,NaN,NaN,NaN,NaN,NaN,NaN,NaN,NaN,NaN
2014,5,9,735728,NaN,NaN,NaN,NaN,NaN,NaN,NaN,NaN,NaN,NaN
2014,5,10,735729,NaN,NaN,NaN,NaN,NaN,NaN,NaN,NaN,NaN,NaN
2014,5,11,735730,NaN,NaN,NaN,NaN,NaN,NaN,NaN,NaN,NaN,NaN
2014,5,12,735731,NaN,NaN,NaN,NaN,NaN,NaN,NaN,NaN,NaN,NaN
2014,5,13,735732,NaN,NaN,NaN,NaN,NaN,NaN,NaN,NaN,NaN,NaN
2014,5,14,735733,NaN,NaN,NaN,NaN,NaN,NaN,NaN,NaN,NaN,NaN
2014,5,15,735734,NaN,NaN,NaN,NaN,NaN,NaN,NaN,NaN,NaN,NaN
2014,5,16,735735,NaN,NaN,NaN,NaN,NaN,NaN,NaN,NaN,NaN,NaN
2014,5,17,735736,NaN,NaN,NaN,NaN,NaN,NaN,NaN,NaN,NaN,NaN
2014,5,18,735737,NaN,NaN,NaN,NaN,NaN,NaN,NaN,NaN,NaN,NaN
2014,5,19,735738,NaN,NaN,NaN,NaN,NaN,NaN,NaN,NaN,NaN,NaN
2014,5,20,735739,NaN,NaN,NaN,NaN,NaN,NaN,NaN,NaN,NaN,NaN
2014,5,21,735740,NaN,NaN,NaN,NaN,NaN,NaN,NaN,NaN,NaN,NaN
2014,5,22,735741,NaN,NaN,NaN,NaN,NaN,NaN,NaN,NaN,NaN,NaN
2014,5,23,735742,NaN,NaN,NaN,NaN,NaN,NaN,NaN,NaN,NaN,NaN
2014,5,24,735743,NaN,NaN,NaN,NaN,NaN,NaN,NaN,NaN,NaN,NaN
2014,5,25,735744,NaN,NaN,NaN,NaN,NaN,NaN,NaN,NaN,NaN,NaN
2014,5,26,735745,NaN,NaN,NaN,NaN,NaN,NaN,NaN,NaN,NaN,NaN
2014,5,27,735746,NaN,NaN,NaN,NaN,NaN,NaN,NaN,NaN,NaN,NaN
2014,5,28,735747,NaN,NaN,NaN,NaN,NaN,NaN,NaN,NaN,NaN,NaN
2014,5,29,735748,NaN,NaN,NaN,NaN,NaN,NaN,NaN,NaN,NaN,NaN
2014,5,30,735749,NaN,NaN,NaN,NaN,NaN,NaN,NaN,NaN,NaN,NaN
2014,5,31,735750,NaN,NaN,NaN,NaN,NaN,NaN,NaN,NaN,NaN,NaN
2014,6,1,735751,NaN,NaN,NaN,NaN,NaN,NaN,NaN,NaN,NaN,NaN
2014,6,2,735752,NaN,NaN,NaN,NaN,NaN,NaN,NaN,NaN,NaN,NaN
2014,6,3,735753,NaN,NaN,NaN,NaN,NaN,NaN,NaN,NaN,NaN,NaN
2014,6,4,735754,NaN,NaN,NaN,NaN,NaN,NaN,NaN,NaN,NaN,NaN
2014,6,5,735755,NaN,NaN,NaN,NaN,NaN,NaN,NaN,NaN,NaN,NaN
2014,6,6,735756,NaN,NaN,NaN,NaN,NaN,NaN,NaN,NaN,NaN,NaN
2014,6,7,735757,NaN,NaN,NaN,NaN,NaN,NaN,NaN,NaN,NaN,NaN
2014,6,8,735758,NaN,NaN,NaN,NaN,NaN,NaN,NaN,NaN,NaN,NaN
2014,6,9,735759,NaN,NaN,NaN,NaN,NaN,NaN,NaN,NaN,NaN,NaN
2014,6,10,735760,NaN,NaN,NaN,NaN,NaN,NaN,NaN,NaN,NaN,NaN
2014,6,11,735761,NaN,NaN,NaN,NaN,NaN,NaN,NaN,NaN,NaN,NaN
2014,6,12,735762,NaN,NaN,NaN,NaN,NaN,NaN,NaN,NaN,NaN,NaN
2014,6,13,735763,NaN,NaN,NaN,NaN,NaN,NaN,NaN,NaN,NaN,NaN
2014,6,14,735764,NaN,NaN,NaN,NaN,NaN,NaN,NaN,NaN,NaN,NaN
2014,6,15,735765,NaN,NaN,NaN,NaN,NaN,NaN,NaN,NaN,NaN,NaN
2014,6,16,735766,NaN,NaN,NaN,NaN,NaN,NaN,NaN,NaN,NaN,NaN
2014,6,17,735767,NaN,NaN,NaN,NaN,NaN,NaN,NaN,NaN,NaN,NaN
2014,6,18,735768,NaN,NaN,NaN,NaN,NaN,NaN,NaN,NaN,NaN,NaN
2014,6,19,735769,NaN,NaN,NaN,NaN,NaN,NaN,NaN,NaN,NaN,NaN
2014,6,20,735770,NaN,NaN,NaN,NaN,NaN,NaN,NaN,NaN,NaN,NaN
2014,6,21,735771,NaN,NaN,NaN,NaN,NaN,NaN,NaN,NaN,NaN,NaN
2014,6,22,735772,NaN,NaN,NaN,NaN,NaN,NaN,NaN,NaN,NaN,NaN
2014,6,23,735773,NaN,NaN,NaN,NaN,NaN,NaN,NaN,NaN,NaN,NaN
2014,6,24,735774,NaN,NaN,NaN,NaN,NaN,NaN,NaN,NaN,NaN,NaN
2014,6,25,735775,NaN,NaN,NaN,NaN,NaN,NaN,NaN,NaN,NaN,NaN
2014,6,26,735776,NaN,NaN,NaN,NaN,NaN,NaN,NaN,NaN,NaN,NaN
2014,6,27,735777,NaN,NaN,NaN,NaN,NaN,NaN,NaN,NaN,NaN,NaN
2014,6,28,735778,NaN,NaN,NaN,NaN,NaN,NaN,NaN,NaN,NaN,NaN
2014,6,29,735779,NaN,NaN,NaN,NaN,NaN,NaN,NaN,NaN,NaN,NaN
2014,6,30,735780,NaN,NaN,NaN,NaN,NaN,NaN,NaN,NaN,NaN,NaN
2014,7,1,735781,NaN,NaN,NaN,NaN,NaN,NaN,NaN,NaN,NaN,NaN
2014,7,2,735782,NaN,NaN,NaN,NaN,NaN,NaN,NaN,NaN,NaN,NaN
2014,7,3,735783,NaN,NaN,NaN,NaN,NaN,NaN,NaN,NaN,NaN,NaN
2014,7,4,735784,NaN,NaN,NaN,NaN,NaN,NaN,NaN,NaN,NaN,NaN
2014,7,5,735785,NaN,NaN,NaN,NaN,NaN,NaN,NaN,NaN,NaN,NaN
2014,7,6,735786,NaN,NaN,NaN,NaN,NaN,NaN,NaN,NaN,NaN,NaN
2014,7,7,735787,NaN,NaN,NaN,NaN,NaN,NaN,NaN,NaN,NaN,NaN
2014,7,8,735788,NaN,NaN,NaN,NaN,NaN,NaN,NaN,NaN,NaN,NaN
2014,7,9,735789,NaN,NaN,NaN,NaN,NaN,NaN,NaN,NaN,NaN,NaN
2014,7,10,735790,NaN,NaN,NaN,NaN,NaN,NaN,NaN,NaN,NaN,NaN
2014,7,11,735791,NaN,NaN,NaN,NaN,NaN,NaN,NaN,NaN,NaN,NaN
2014,7,12,735792,NaN,NaN,NaN,NaN,NaN,NaN,NaN,NaN,NaN,NaN
2014,7,13,735793,NaN,NaN,NaN,NaN,NaN,NaN,NaN,NaN,NaN,NaN
2014,7,14,735794,NaN,NaN,NaN,NaN,NaN,NaN,NaN,NaN,NaN,NaN
2014,7,15,735795,NaN,NaN,NaN,NaN,NaN,NaN,NaN,NaN,NaN,NaN
2014,7,16,735796,NaN,NaN,NaN,NaN,NaN,NaN,NaN,NaN,NaN,NaN
2014,7,17,735797,NaN,NaN,NaN,NaN,NaN,NaN,NaN,NaN,NaN,NaN
2014,7,18,735798,NaN,NaN,NaN,NaN,NaN,NaN,NaN,NaN,NaN,NaN
2014,7,19,735799,NaN,NaN,NaN,NaN,NaN,NaN,NaN,NaN,NaN,NaN
2014,7,20,735800,NaN,NaN,NaN,NaN,NaN,NaN,NaN,NaN,NaN,NaN
2014,7,21,735801,NaN,NaN,NaN,NaN,NaN,NaN,NaN,NaN,NaN,NaN
2014,7,22,735802,NaN,NaN,NaN,NaN,NaN,NaN,NaN,NaN,NaN,NaN
2014,7,23,735803,NaN,NaN,NaN,NaN,NaN,NaN,NaN,NaN,NaN,NaN
2014,7,24,735804,NaN,NaN,NaN,NaN,NaN,NaN,NaN,NaN,NaN,NaN
2014,7,25,735805,NaN,NaN,NaN,NaN,NaN,NaN,NaN,NaN,NaN,NaN
2014,7,26,735806,NaN,NaN,NaN,NaN,NaN,NaN,NaN,NaN,NaN,NaN
2014,7,27,735807,NaN,NaN,NaN,NaN,NaN,NaN,NaN,NaN,NaN,NaN
2014,7,28,735808,NaN,NaN,NaN,NaN,NaN,NaN,NaN,NaN,NaN,NaN
2014,7,29,735809,NaN,NaN,NaN,NaN,NaN,NaN,NaN,NaN,NaN,NaN
2014,7,30,735810,NaN,NaN,NaN,NaN,NaN,NaN,NaN,NaN,NaN,NaN
2014,7,31,735811,NaN,NaN,NaN,NaN,NaN,NaN,NaN,NaN,NaN,NaN
2014,8,1,735812,NaN,NaN,NaN,NaN,NaN,NaN,NaN,NaN,NaN,NaN
2014,8,2,735813,NaN,NaN,NaN,NaN,NaN,NaN,NaN,NaN,NaN,NaN
2014,8,3,735814,NaN,NaN,NaN,NaN,NaN,NaN,NaN,NaN,NaN,NaN
2014,8,4,735815,NaN,NaN,NaN,NaN,NaN,NaN,NaN,NaN,NaN,NaN
2014,8,5,735816,NaN,NaN,NaN,NaN,NaN,NaN,NaN,NaN,NaN,NaN
2014,8,6,735817,NaN,NaN,NaN,NaN,NaN,NaN,NaN,NaN,NaN,NaN
2014,8,7,735818,NaN,NaN,NaN,NaN,NaN,NaN,NaN,NaN,NaN,NaN
2014,8,8,735819,NaN,NaN,NaN,NaN,NaN,NaN,NaN,NaN,NaN,NaN
2014,8,9,735820,NaN,NaN,NaN,NaN,NaN,NaN,NaN,NaN,NaN,NaN
2014,8,10,735821,NaN,NaN,NaN,NaN,NaN,NaN,NaN,NaN,NaN,NaN
2014,8,11,735822,NaN,NaN,NaN,NaN,NaN,NaN,NaN,NaN,NaN,NaN
2014,8,12,735823,NaN,NaN,NaN,NaN,NaN,NaN,NaN,NaN,NaN,NaN
2014,8,13,735824,NaN,NaN,NaN,NaN,NaN,NaN,NaN,NaN,NaN,NaN
2014,8,14,735825,NaN,NaN,NaN,NaN,NaN,NaN,NaN,NaN,NaN,NaN
2014,8,15,735826,NaN,NaN,NaN,NaN,NaN,NaN,NaN,NaN,NaN,NaN
2014,8,16,735827,NaN,NaN,NaN,NaN,NaN,NaN,NaN,NaN,NaN,NaN
2014,8,17,735828,NaN,NaN,NaN,NaN,NaN,NaN,NaN,NaN,NaN,NaN
2014,8,18,735829,NaN,NaN,NaN,NaN,NaN,NaN,NaN,NaN,NaN,NaN
2014,8,19,735830,NaN,NaN,NaN,NaN,NaN,NaN,NaN,NaN,NaN,NaN
2014,8,20,735831,NaN,NaN,NaN,NaN,NaN,NaN,NaN,NaN,NaN,NaN
2014,8,21,735832,NaN,NaN,NaN,NaN,NaN,NaN,NaN,NaN,NaN,NaN
2014,8,22,735833,NaN,NaN,NaN,NaN,NaN,NaN,NaN,NaN,NaN,NaN
2014,8,23,735834,NaN,NaN,NaN,NaN,NaN,NaN,NaN,NaN,NaN,NaN
2014,8,24,735835,NaN,NaN,NaN,NaN,NaN,NaN,NaN,NaN,NaN,NaN
2014,8,25,735836,NaN,NaN,NaN,NaN,NaN,NaN,NaN,NaN,NaN,NaN
2014,8,26,735837,NaN,NaN,NaN,NaN,NaN,NaN,NaN,NaN,NaN,NaN
2014,8,27,735838,NaN,NaN,NaN,NaN,NaN,NaN,NaN,NaN,NaN,NaN
2014,8,28,735839,NaN,NaN,NaN,NaN,NaN,NaN,NaN,NaN,NaN,NaN
2014,8,29,735840,NaN,NaN,NaN,NaN,NaN,NaN,NaN,NaN,NaN,NaN
2014,8,30,735841,NaN,NaN,NaN,NaN,NaN,NaN,NaN,NaN,NaN,NaN
2014,8,31,735842,NaN,NaN,NaN,NaN,NaN,NaN,NaN,NaN,NaN,NaN
2014,9,1,735843,NaN,NaN,NaN,NaN,NaN,NaN,NaN,NaN,NaN,NaN
2014,9,2,735844,NaN,NaN,NaN,NaN,NaN,NaN,NaN,NaN,NaN,NaN
2014,9,3,735845,NaN,NaN,NaN,NaN,NaN,NaN,NaN,NaN,NaN,NaN
2014,9,4,735846,NaN,NaN,NaN,NaN,NaN,NaN,NaN,NaN,NaN,NaN
2014,9,5,735847,NaN,NaN,NaN,NaN,NaN,NaN,NaN,NaN,NaN,NaN
2014,9,6,735848,NaN,NaN,NaN,NaN,NaN,NaN,NaN,NaN,NaN,NaN
2014,9,7,735849,NaN,NaN,NaN,NaN,NaN,NaN,NaN,NaN,NaN,NaN
2014,9,8,735850,NaN,NaN,NaN,NaN,NaN,NaN,NaN,NaN,NaN,NaN
2014,9,9,735851,NaN,NaN,NaN,NaN,NaN,NaN,NaN,NaN,NaN,NaN
2014,9,10,735852,NaN,NaN,NaN,NaN,NaN,NaN,NaN,NaN,NaN,NaN
2014,9,11,735853,NaN,NaN,NaN,NaN,NaN,NaN,NaN,NaN,NaN,NaN
2014,9,12,735854,NaN,NaN,NaN,NaN,NaN,NaN,NaN,NaN,NaN,NaN
2014,9,13,735855,NaN,NaN,NaN,NaN,NaN,NaN,NaN,NaN,NaN,NaN
2014,9,14,735856,NaN,NaN,NaN,NaN,NaN,NaN,NaN,NaN,NaN,NaN
2014,9,15,735857,NaN,NaN,NaN,NaN,NaN,NaN,NaN,NaN,NaN,NaN
2014,9,16,735858,NaN,NaN,NaN,NaN,NaN,NaN,NaN,NaN,NaN,NaN
2014,9,17,735859,NaN,NaN,NaN,NaN,NaN,NaN,NaN,NaN,NaN,NaN
2014,9,18,735860,NaN,NaN,NaN,NaN,NaN,NaN,NaN,NaN,NaN,NaN
2014,9,19,735861,NaN,NaN,NaN,NaN,NaN,NaN,NaN,NaN,NaN,NaN
2014,9,20,735862,NaN,NaN,NaN,NaN,NaN,NaN,NaN,NaN,NaN,NaN
2014,9,21,735863,NaN,NaN,NaN,NaN,NaN,NaN,NaN,NaN,NaN,NaN
2014,9,22,735864,NaN,NaN,NaN,NaN,NaN,NaN,NaN,NaN,NaN,NaN
2014,9,23,735865,NaN,NaN,NaN,NaN,NaN,NaN,NaN,NaN,NaN,NaN
2014,9,24,735866,NaN,NaN,NaN,NaN,NaN,NaN,NaN,NaN,NaN,NaN
2014,9,25,735867,NaN,NaN,NaN,NaN,NaN,NaN,NaN,NaN,NaN,NaN
2014,9,26,735868,NaN,NaN,NaN,NaN,NaN,NaN,NaN,NaN,NaN,NaN
2014,9,27,735869,NaN,NaN,NaN,NaN,NaN,NaN,NaN,NaN,NaN,NaN
2014,9,28,735870,NaN,NaN,NaN,NaN,NaN,NaN,NaN,NaN,NaN,NaN
2014,9,29,735871,NaN,NaN,NaN,NaN,NaN,NaN,NaN,NaN,NaN,NaN
2014,9,30,735872,NaN,NaN,NaN,NaN,NaN,NaN,NaN,NaN,NaN,NaN
2014,10,1,735873,NaN,NaN,NaN,NaN,NaN,NaN,NaN,NaN,NaN,NaN
2014,10,2,735874,NaN,NaN,NaN,NaN,NaN,NaN,NaN,NaN,NaN,NaN
2014,10,3,735875,NaN,NaN,NaN,NaN,NaN,NaN,NaN,NaN,NaN,NaN
2014,10,4,735876,NaN,NaN,NaN,NaN,NaN,NaN,NaN,NaN,NaN,NaN
2014,10,5,735877,NaN,NaN,NaN,NaN,NaN,NaN,NaN,NaN,NaN,NaN
2014,10,6,735878,NaN,NaN,NaN,NaN,NaN,NaN,NaN,NaN,NaN,NaN
2014,10,7,735879,NaN,NaN,NaN,NaN,NaN,NaN,NaN,NaN,NaN,NaN
2014,10,8,735880,NaN,NaN,NaN,NaN,NaN,NaN,NaN,NaN,NaN,NaN
2014,10,9,735881,NaN,NaN,NaN,NaN,NaN,NaN,NaN,NaN,NaN,NaN
2014,10,10,735882,NaN,NaN,NaN,NaN,NaN,NaN,NaN,NaN,NaN,NaN
2014,10,11,735883,NaN,NaN,NaN,NaN,NaN,NaN,NaN,NaN,NaN,NaN
2014,10,12,735884,NaN,NaN,NaN,NaN,NaN,NaN,NaN,NaN,NaN,NaN
2014,10,13,735885,NaN,NaN,NaN,NaN,NaN,NaN,NaN,NaN,NaN,NaN
2014,10,14,735886,NaN,NaN,NaN,NaN,NaN,NaN,NaN,NaN,NaN,NaN
2014,10,15,735887,NaN,NaN,NaN,NaN,NaN,NaN,NaN,NaN,NaN,NaN
2014,10,16,735888,NaN,NaN,NaN,NaN,NaN,NaN,NaN,NaN,NaN,NaN
2014,10,17,735889,NaN,NaN,NaN,NaN,NaN,NaN,NaN,NaN,NaN,NaN
2014,10,18,735890,NaN,NaN,NaN,NaN,NaN,NaN,NaN,NaN,NaN,NaN
2014,10,19,735891,NaN,NaN,NaN,NaN,NaN,NaN,NaN,NaN,NaN,NaN
2014,10,20,735892,NaN,NaN,NaN,NaN,NaN,NaN,NaN,NaN,NaN,NaN
2014,10,21,735893,NaN,NaN,NaN,NaN,NaN,NaN,NaN,NaN,NaN,NaN
2014,10,22,735894,NaN,NaN,NaN,NaN,NaN,NaN,NaN,NaN,NaN,NaN
2014,10,23,735895,NaN,NaN,NaN,NaN,NaN,NaN,NaN,NaN,NaN,NaN
2014,10,24,735896,NaN,NaN,NaN,NaN,NaN,NaN,NaN,NaN,NaN,NaN
2014,10,25,735897,NaN,NaN,NaN,NaN,NaN,NaN,NaN,NaN,NaN,NaN
2014,10,26,735898,NaN,NaN,NaN,NaN,NaN,NaN,NaN,NaN,NaN,NaN
2014,10,27,735899,NaN,NaN,NaN,NaN,NaN,NaN,NaN,NaN,NaN,NaN
2014,10,28,735900,NaN,NaN,NaN,NaN,NaN,NaN,NaN,NaN,NaN,NaN
2014,10,29,735901,NaN,NaN,NaN,NaN,NaN,NaN,NaN,NaN,NaN,NaN
2014,10,30,735902,NaN,NaN,NaN,NaN,NaN,NaN,NaN,NaN,NaN,NaN
2014,10,31,735903,NaN,NaN,NaN,NaN,NaN,NaN,NaN,NaN,NaN,NaN
2014,11,1,735904,NaN,NaN,NaN,NaN,NaN,NaN,NaN,NaN,NaN,NaN
2014,11,2,735905,NaN,NaN,NaN,NaN,NaN,NaN,NaN,NaN,NaN,NaN
2014,11,3,735906,NaN,NaN,NaN,NaN,NaN,NaN,NaN,NaN,NaN,NaN
2014,11,4,735907,NaN,NaN,NaN,NaN,NaN,NaN,NaN,NaN,NaN,NaN
2014,11,5,735908,NaN,NaN,NaN,NaN,NaN,NaN,NaN,NaN,NaN,NaN
2014,11,6,735909,NaN,NaN,NaN,NaN,NaN,NaN,NaN,NaN,NaN,NaN
2014,11,7,735910,NaN,NaN,NaN,NaN,NaN,NaN,NaN,NaN,NaN,NaN
2014,11,8,735911,NaN,NaN,NaN,NaN,NaN,NaN,NaN,NaN,NaN,NaN
2014,11,9,735912,NaN,NaN,NaN,NaN,NaN,NaN,NaN,NaN,NaN,NaN
2014,11,10,735913,NaN,NaN,NaN,NaN,NaN,NaN,NaN,NaN,NaN,NaN
2014,11,11,735914,NaN,NaN,NaN,NaN,NaN,NaN,NaN,NaN,NaN,NaN
2014,11,12,735915,NaN,NaN,NaN,NaN,NaN,NaN,NaN,NaN,NaN,NaN
2014,11,13,735916,NaN,NaN,NaN,NaN,NaN,NaN,NaN,NaN,NaN,NaN
2014,11,14,735917,NaN,NaN,NaN,NaN,NaN,NaN,NaN,NaN,NaN,NaN
2014,11,15,735918,NaN,NaN,NaN,NaN,NaN,NaN,NaN,NaN,NaN,NaN
2014,11,16,735919,NaN,NaN,NaN,NaN,NaN,NaN,NaN,NaN,NaN,NaN
2014,11,17,735920,NaN,NaN,NaN,NaN,NaN,NaN,NaN,NaN,NaN,NaN
2014,11,18,735921,NaN,NaN,NaN,NaN,NaN,NaN,NaN,NaN,NaN,NaN
2014,11,19,735922,NaN,NaN,NaN,NaN,NaN,NaN,NaN,NaN,NaN,NaN
2014,11,20,735923,NaN,NaN,NaN,NaN,NaN,NaN,NaN,NaN,NaN,NaN
2014,11,21,735924,NaN,NaN,NaN,NaN,NaN,NaN,NaN,NaN,NaN,NaN
2014,11,22,735925,NaN,NaN,NaN,NaN,NaN,NaN,NaN,NaN,NaN,NaN
2014,11,23,735926,NaN,NaN,NaN,NaN,NaN,NaN,NaN,NaN,NaN,NaN
2014,11,24,735927,NaN,NaN,NaN,NaN,NaN,NaN,NaN,NaN,NaN,NaN
2014,11,25,735928,NaN,NaN,NaN,NaN,NaN,NaN,NaN,NaN,NaN,NaN
2014,11,26,735929,NaN,NaN,NaN,NaN,NaN,NaN,NaN,NaN,NaN,NaN
2014,11,27,735930,NaN,NaN,NaN,NaN,NaN,NaN,NaN,NaN,NaN,NaN
2014,11,28,735931,NaN,NaN,NaN,NaN,NaN,NaN,NaN,NaN,NaN,NaN
2014,11,29,735932,NaN,NaN,NaN,NaN,NaN,NaN,NaN,NaN,NaN,NaN
2014,11,30,735933,NaN,NaN,NaN,NaN,NaN,NaN,NaN,NaN,NaN,NaN
2014,12,1,735934,NaN,NaN,NaN,NaN,NaN,NaN,NaN,NaN,NaN,NaN
2014,12,2,735935,NaN,NaN,NaN,NaN,NaN,NaN,NaN,NaN,NaN,NaN
2014,12,3,735936,NaN,NaN,NaN,NaN,NaN,NaN,NaN,NaN,NaN,NaN
2014,12,4,735937,NaN,NaN,NaN,NaN,NaN,NaN,NaN,NaN,NaN,NaN
2014,12,5,735938,NaN,NaN,NaN,NaN,NaN,NaN,NaN,NaN,NaN,NaN
2014,12,6,735939,NaN,NaN,NaN,NaN,NaN,NaN,NaN,NaN,NaN,NaN
2014,12,7,735940,NaN,NaN,NaN,NaN,NaN,NaN,NaN,NaN,NaN,NaN
2014,12,8,735941,NaN,NaN,NaN,NaN,NaN,NaN,NaN,NaN,NaN,NaN
2014,12,9,735942,NaN,NaN,NaN,NaN,NaN,NaN,NaN,NaN,NaN,NaN
2014,12,10,735943,NaN,NaN,NaN,NaN,NaN,NaN,NaN,NaN,NaN,NaN
2014,12,11,735944,NaN,NaN,NaN,NaN,NaN,NaN,NaN,NaN,NaN,NaN
2014,12,12,735945,NaN,NaN,NaN,NaN,NaN,NaN,NaN,NaN,NaN,NaN
2014,12,13,735946,NaN,NaN,NaN,NaN,NaN,NaN,NaN,NaN,NaN,NaN
2014,12,14,735947,NaN,NaN,NaN,NaN,NaN,NaN,NaN,NaN,NaN,NaN
2014,12,15,735948,NaN,NaN,NaN,NaN,NaN,NaN,NaN,NaN,NaN,NaN
2014,12,16,735949,NaN,NaN,NaN,NaN,NaN,NaN,NaN,NaN,NaN,NaN
2014,12,17,735950,NaN,NaN,NaN,NaN,NaN,NaN,NaN,NaN,NaN,NaN
2014,12,18,735951,NaN,NaN,NaN,NaN,NaN,NaN,NaN,NaN,NaN,NaN
2014,12,19,735952,NaN,NaN,NaN,NaN,NaN,NaN,NaN,NaN,NaN,NaN
2014,12,20,735953,NaN,NaN,NaN,NaN,NaN,NaN,NaN,NaN,NaN,NaN
2014,12,21,735954,NaN,NaN,NaN,NaN,NaN,NaN,NaN,NaN,NaN,NaN
2014,12,22,735955,NaN,NaN,NaN,NaN,NaN,NaN,NaN,NaN,NaN,NaN
2014,12,23,735956,NaN,NaN,NaN,NaN,NaN,NaN,NaN,NaN,NaN,NaN
2014,12,24,735957,NaN,NaN,NaN,NaN,NaN,NaN,NaN,NaN,NaN,NaN
2014,12,25,735958,NaN,NaN,NaN,NaN,NaN,NaN,NaN,NaN,NaN,NaN
2014,12,26,735959,NaN,NaN,NaN,NaN,NaN,NaN,NaN,NaN,NaN,NaN
2014,12,27,735960,NaN,NaN,NaN,NaN,NaN,NaN,NaN,NaN,NaN,NaN
2014,12,28,735961,NaN,NaN,NaN,NaN,NaN,NaN,NaN,NaN,NaN,NaN
2014,12,29,735962,NaN,NaN,NaN,NaN,NaN,NaN,NaN,NaN,NaN,NaN
2014,12,30,735963,NaN,NaN,NaN,NaN,NaN,NaN,NaN,NaN,NaN,NaN
2014,12,31,735964,NaN,NaN,NaN,NaN,NaN,NaN,NaN,NaN,NaN,NaN
2015,1,1,735965,NaN,NaN,NaN,NaN,NaN,NaN,NaN,NaN,NaN,NaN
2015,1,2,735966,NaN,NaN,NaN,NaN,NaN,NaN,NaN,NaN,NaN,NaN
2015,1,3,735967,NaN,NaN,NaN,NaN,NaN,NaN,NaN,NaN,NaN,NaN
2015,1,4,735968,NaN,NaN,NaN,NaN,NaN,NaN,NaN,NaN,NaN,NaN
2015,1,5,735969,NaN,NaN,NaN,NaN,NaN,NaN,NaN,NaN,NaN,NaN
2015,1,6,735970,NaN,NaN,NaN,NaN,NaN,NaN,NaN,NaN,NaN,NaN
2015,1,7,735971,NaN,NaN,NaN,NaN,NaN,NaN,NaN,NaN,NaN,NaN
2015,1,8,735972,NaN,NaN,NaN,NaN,NaN,NaN,NaN,NaN,NaN,NaN
2015,1,9,735973,NaN,NaN,NaN,NaN,NaN,NaN,NaN,NaN,NaN,NaN
2015,1,10,735974,NaN,NaN,NaN,NaN,NaN,NaN,NaN,NaN,NaN,NaN
2015,1,11,735975,NaN,NaN,NaN,NaN,NaN,NaN,NaN,NaN,NaN,NaN
2015,1,12,735976,NaN,NaN,NaN,NaN,NaN,NaN,NaN,NaN,NaN,NaN
2015,1,13,735977,NaN,NaN,NaN,NaN,NaN,NaN,NaN,NaN,NaN,NaN
2015,1,14,735978,NaN,NaN,NaN,NaN,NaN,NaN,NaN,NaN,NaN,NaN
2015,1,15,735979,NaN,NaN,NaN,NaN,NaN,NaN,NaN,NaN,NaN,NaN
2015,1,16,735980,NaN,NaN,NaN,NaN,NaN,NaN,NaN,NaN,NaN,NaN
2015,1,17,735981,NaN,NaN,NaN,NaN,NaN,NaN,NaN,NaN,NaN,NaN
2015,1,18,735982,NaN,NaN,NaN,NaN,NaN,NaN,NaN,NaN,NaN,NaN
2015,1,19,735983,NaN,NaN,NaN,NaN,NaN,NaN,NaN,NaN,NaN,NaN
2015,1,20,735984,NaN,NaN,NaN,NaN,NaN,NaN,NaN,NaN,NaN,NaN
2015,1,21,735985,NaN,NaN,NaN,NaN,NaN,NaN,NaN,NaN,NaN,NaN
2015,1,22,735986,NaN,NaN,NaN,NaN,NaN,NaN,NaN,NaN,NaN,NaN
2015,1,23,735987,NaN,NaN,NaN,NaN,NaN,NaN,NaN,NaN,NaN,NaN
2015,1,24,735988,NaN,NaN,NaN,NaN,NaN,NaN,NaN,NaN,NaN,NaN
2015,1,25,735989,NaN,NaN,NaN,NaN,NaN,NaN,NaN,NaN,NaN,NaN
2015,1,26,735990,NaN,NaN,NaN,NaN,NaN,NaN,NaN,NaN,NaN,NaN
2015,1,27,735991,NaN,NaN,NaN,NaN,NaN,NaN,NaN,NaN,NaN,NaN
2015,1,28,735992,NaN,NaN,NaN,NaN,NaN,NaN,NaN,NaN,NaN,NaN
2015,1,29,735993,NaN,NaN,NaN,NaN,NaN,NaN,NaN,NaN,NaN,NaN
2015,1,30,735994,NaN,NaN,NaN,NaN,NaN,NaN,NaN,NaN,NaN,NaN
2015,1,31,735995,NaN,NaN,NaN,NaN,NaN,NaN,NaN,NaN,NaN,NaN
2015,2,1,735996,NaN,NaN,NaN,NaN,NaN,NaN,NaN,NaN,NaN,NaN
2015,2,2,735997,NaN,NaN,NaN,NaN,NaN,NaN,NaN,NaN,NaN,NaN
2015,2,3,735998,NaN,NaN,NaN,NaN,NaN,NaN,NaN,NaN,NaN,NaN
2015,2,4,735999,NaN,NaN,NaN,NaN,NaN,NaN,NaN,NaN,NaN,NaN
2015,2,5,736000,NaN,NaN,NaN,NaN,NaN,NaN,NaN,NaN,NaN,NaN
2015,2,6,736001,NaN,NaN,NaN,NaN,NaN,NaN,NaN,NaN,NaN,NaN
2015,2,7,736002,NaN,NaN,NaN,NaN,NaN,NaN,NaN,NaN,NaN,NaN
2015,2,8,736003,NaN,NaN,NaN,NaN,NaN,NaN,NaN,NaN,NaN,NaN
2015,2,9,736004,NaN,NaN,NaN,NaN,NaN,NaN,NaN,NaN,NaN,NaN
2015,2,10,736005,NaN,NaN,NaN,NaN,NaN,NaN,NaN,NaN,NaN,NaN
2015,2,11,736006,NaN,NaN,NaN,NaN,NaN,NaN,NaN,NaN,NaN,NaN
2015,2,12,736007,NaN,NaN,NaN,NaN,NaN,NaN,NaN,NaN,NaN,NaN
2015,2,13,736008,NaN,NaN,NaN,NaN,NaN,NaN,NaN,NaN,NaN,NaN
2015,2,14,736009,NaN,NaN,NaN,NaN,NaN,NaN,NaN,NaN,NaN,NaN
2015,2,15,736010,NaN,NaN,NaN,NaN,NaN,NaN,NaN,NaN,NaN,NaN
2015,2,16,736011,NaN,NaN,NaN,NaN,NaN,NaN,NaN,NaN,NaN,NaN
2015,2,17,736012,NaN,NaN,NaN,NaN,NaN,NaN,NaN,NaN,NaN,NaN
2015,2,18,736013,NaN,NaN,NaN,NaN,NaN,NaN,NaN,NaN,NaN,NaN
2015,2,19,736014,NaN,NaN,NaN,NaN,NaN,NaN,NaN,NaN,NaN,NaN
2015,2,20,736015,NaN,NaN,NaN,NaN,NaN,NaN,NaN,NaN,NaN,NaN
2015,2,21,736016,NaN,NaN,NaN,NaN,NaN,NaN,NaN,NaN,NaN,NaN
2015,2,22,736017,NaN,NaN,NaN,NaN,NaN,NaN,NaN,NaN,NaN,NaN
2015,2,23,736018,NaN,NaN,NaN,NaN,NaN,NaN,NaN,NaN,NaN,NaN
2015,2,24,736019,NaN,NaN,NaN,NaN,NaN,NaN,NaN,NaN,NaN,NaN
2015,2,25,736020,NaN,NaN,NaN,NaN,NaN,NaN,NaN,NaN,NaN,NaN
2015,2,26,736021,NaN,NaN,NaN,NaN,NaN,NaN,NaN,NaN,NaN,NaN
2015,2,27,736022,NaN,NaN,NaN,NaN,NaN,NaN,NaN,NaN,NaN,NaN
2015,2,28,736023,NaN,NaN,NaN,NaN,NaN,NaN,NaN,NaN,NaN,NaN
2015,3,1,736024,NaN,NaN,NaN,NaN,NaN,NaN,NaN,NaN,NaN,NaN
2015,3,2,736025,NaN,NaN,NaN,NaN,NaN,NaN,NaN,NaN,NaN,NaN
2015,3,3,736026,NaN,NaN,NaN,NaN,NaN,NaN,NaN,NaN,NaN,NaN
2015,3,4,736027,NaN,NaN,NaN,NaN,NaN,NaN,NaN,NaN,NaN,NaN
2015,3,5,736028,NaN,NaN,NaN,NaN,NaN,NaN,NaN,NaN,NaN,NaN
2015,3,6,736029,NaN,NaN,NaN,NaN,NaN,NaN,NaN,NaN,NaN,NaN
2015,3,7,736030,NaN,NaN,NaN,NaN,NaN,NaN,NaN,NaN,NaN,NaN
2015,3,8,736031,NaN,NaN,NaN,NaN,NaN,NaN,NaN,NaN,NaN,NaN
2015,3,9,736032,NaN,NaN,NaN,NaN,NaN,NaN,NaN,NaN,NaN,NaN
2015,3,10,736033,NaN,NaN,NaN,NaN,NaN,NaN,NaN,NaN,NaN,NaN
2015,3,11,736034,NaN,NaN,NaN,NaN,NaN,NaN,NaN,NaN,NaN,NaN
2015,3,12,736035,NaN,NaN,NaN,NaN,NaN,NaN,NaN,NaN,NaN,NaN
2015,3,13,736036,NaN,NaN,NaN,NaN,NaN,NaN,NaN,NaN,NaN,NaN
2015,3,14,736037,NaN,NaN,NaN,NaN,NaN,NaN,NaN,NaN,NaN,NaN
2015,3,15,736038,NaN,NaN,NaN,NaN,NaN,NaN,NaN,NaN,NaN,NaN
2015,3,16,736039,NaN,NaN,NaN,NaN,NaN,NaN,NaN,NaN,NaN,NaN
2015,3,17,736040,NaN,NaN,NaN,NaN,NaN,NaN,NaN,NaN,NaN,NaN
2015,3,18,736041,NaN,NaN,NaN,NaN,NaN,NaN,NaN,NaN,NaN,NaN
2015,3,19,736042,NaN,NaN,NaN,NaN,NaN,NaN,NaN,NaN,NaN,NaN
2015,3,20,736043,NaN,NaN,NaN,NaN,NaN,NaN,NaN,NaN,NaN,NaN
2015,3,21,736044,NaN,NaN,NaN,NaN,NaN,NaN,NaN,NaN,NaN,NaN
2015,3,22,736045,NaN,NaN,NaN,NaN,NaN,NaN,NaN,NaN,NaN,NaN
2015,3,23,736046,NaN,NaN,NaN,NaN,NaN,NaN,NaN,NaN,NaN,NaN
2015,3,24,736047,NaN,NaN,NaN,NaN,NaN,NaN,NaN,NaN,NaN,NaN
2015,3,25,736048,NaN,NaN,NaN,NaN,NaN,NaN,NaN,NaN,NaN,NaN
2015,3,26,736049,NaN,NaN,NaN,NaN,NaN,NaN,NaN,NaN,NaN,NaN
2015,3,27,736050,NaN,NaN,NaN,NaN,NaN,NaN,NaN,NaN,NaN,NaN
2015,3,28,736051,NaN,NaN,NaN,NaN,NaN,NaN,NaN,NaN,NaN,NaN
2015,3,29,736052,NaN,NaN,NaN,NaN,NaN,NaN,NaN,NaN,NaN,NaN
2015,3,30,736053,NaN,NaN,NaN,NaN,NaN,NaN,NaN,NaN,NaN,NaN
2015,3,31,736054,NaN,NaN,NaN,NaN,NaN,NaN,NaN,NaN,NaN,NaN
2015,4,1,736055,NaN,NaN,NaN,NaN,NaN,NaN,NaN,NaN,NaN,NaN
2015,4,2,736056,NaN,NaN,NaN,NaN,NaN,NaN,NaN,NaN,NaN,NaN
2015,4,3,736057,NaN,NaN,NaN,NaN,NaN,NaN,NaN,NaN,NaN,NaN
2015,4,4,736058,NaN,NaN,NaN,NaN,NaN,NaN,NaN,NaN,NaN,NaN
2015,4,5,736059,NaN,NaN,NaN,NaN,NaN,NaN,NaN,NaN,NaN,NaN
2015,4,6,736060,NaN,NaN,NaN,NaN,NaN,NaN,NaN,NaN,NaN,NaN
2015,4,7,736061,NaN,NaN,NaN,NaN,NaN,NaN,NaN,NaN,NaN,NaN
2015,4,8,736062,NaN,NaN,NaN,NaN,NaN,NaN,NaN,NaN,NaN,NaN
2015,4,9,736063,NaN,NaN,NaN,NaN,NaN,NaN,NaN,NaN,NaN,NaN
2015,4,10,736064,NaN,NaN,NaN,NaN,NaN,NaN,NaN,NaN,NaN,NaN
2015,4,11,736065,NaN,NaN,NaN,NaN,NaN,NaN,NaN,NaN,NaN,NaN
2015,4,12,736066,NaN,NaN,NaN,NaN,NaN,NaN,NaN,NaN,NaN,NaN
2015,4,13,736067,NaN,NaN,NaN,NaN,NaN,NaN,NaN,NaN,NaN,NaN
2015,4,14,736068,NaN,NaN,NaN,NaN,NaN,NaN,NaN,NaN,NaN,NaN
2015,4,15,736069,NaN,NaN,NaN,NaN,NaN,NaN,NaN,NaN,NaN,NaN
2015,4,16,736070,NaN,NaN,NaN,NaN,NaN,NaN,NaN,NaN,NaN,NaN
2015,4,17,736071,NaN,NaN,NaN,NaN,NaN,NaN,NaN,NaN,NaN,NaN
2015,4,18,736072,NaN,NaN,NaN,NaN,NaN,NaN,NaN,NaN,NaN,NaN
2015,4,19,736073,NaN,NaN,NaN,NaN,NaN,NaN,NaN,NaN,NaN,NaN
2015,4,20,736074,NaN,NaN,NaN,NaN,NaN,NaN,NaN,NaN,NaN,NaN
2015,4,21,736075,NaN,NaN,NaN,NaN,NaN,NaN,NaN,NaN,NaN,NaN
2015,4,22,736076,NaN,NaN,NaN,NaN,NaN,NaN,NaN,NaN,NaN,NaN
2015,4,23,736077,NaN,NaN,NaN,NaN,NaN,NaN,NaN,NaN,NaN,NaN
2015,4,24,736078,NaN,NaN,NaN,NaN,NaN,NaN,NaN,NaN,NaN,NaN
2015,4,25,736079,NaN,NaN,NaN,NaN,NaN,NaN,NaN,NaN,NaN,NaN
2015,4,26,736080,NaN,NaN,NaN,NaN,NaN,NaN,NaN,NaN,NaN,NaN
2015,4,27,736081,NaN,NaN,NaN,NaN,NaN,NaN,NaN,NaN,NaN,NaN
2015,4,28,736082,NaN,NaN,NaN,NaN,NaN,NaN,NaN,NaN,NaN,NaN
2015,4,29,736083,NaN,NaN,NaN,NaN,NaN,NaN,NaN,NaN,NaN,NaN
2015,4,30,736084,NaN,NaN,NaN,NaN,NaN,NaN,NaN,NaN,NaN,NaN
2015,5,1,736085,NaN,NaN,NaN,NaN,NaN,NaN,NaN,NaN,NaN,NaN
2015,5,2,736086,NaN,NaN,NaN,NaN,NaN,NaN,NaN,NaN,NaN,NaN
2015,5,3,736087,NaN,NaN,NaN,NaN,NaN,NaN,NaN,NaN,NaN,NaN
2015,5,4,736088,NaN,NaN,NaN,NaN,NaN,NaN,NaN,NaN,NaN,NaN
2015,5,5,736089,NaN,NaN,NaN,NaN,NaN,NaN,NaN,NaN,NaN,NaN
2015,5,6,736090,NaN,NaN,NaN,NaN,NaN,NaN,NaN,NaN,NaN,NaN
2015,5,7,736091,NaN,NaN,NaN,NaN,NaN,NaN,NaN,NaN,NaN,NaN
2015,5,8,736092,NaN,NaN,NaN,NaN,NaN,NaN,NaN,NaN,NaN,NaN
2015,5,9,736093,NaN,NaN,NaN,NaN,NaN,NaN,NaN,NaN,NaN,NaN
2015,5,10,736094,NaN,NaN,NaN,NaN,NaN,NaN,NaN,NaN,NaN,NaN
2015,5,11,736095,NaN,NaN,NaN,NaN,NaN,NaN,NaN,NaN,NaN,NaN
2015,5,12,736096,NaN,NaN,NaN,NaN,NaN,NaN,NaN,NaN,NaN,NaN
2015,5,13,736097,NaN,NaN,NaN,NaN,NaN,NaN,NaN,NaN,NaN,NaN
2015,5,14,736098,NaN,NaN,NaN,NaN,NaN,NaN,NaN,NaN,NaN,NaN
2015,5,15,736099,NaN,NaN,NaN,NaN,NaN,NaN,NaN,NaN,NaN,NaN
2015,5,16,736100,NaN,NaN,NaN,NaN,NaN,NaN,NaN,NaN,NaN,NaN
2015,5,17,736101,NaN,NaN,NaN,NaN,NaN,NaN,NaN,NaN,NaN,NaN
2015,5,18,736102,NaN,NaN,NaN,NaN,NaN,NaN,NaN,NaN,NaN,NaN
2015,5,19,736103,NaN,NaN,NaN,NaN,NaN,NaN,NaN,NaN,NaN,NaN
2015,5,20,736104,NaN,NaN,NaN,NaN,NaN,NaN,NaN,NaN,NaN,NaN
2015,5,21,736105,NaN,NaN,NaN,NaN,NaN,NaN,NaN,NaN,NaN,NaN
2015,5,22,736106,NaN,NaN,NaN,NaN,NaN,NaN,NaN,NaN,NaN,NaN
2015,5,23,736107,NaN,NaN,NaN,NaN,NaN,NaN,NaN,NaN,NaN,NaN
2015,5,24,736108,NaN,NaN,NaN,NaN,NaN,NaN,NaN,NaN,NaN,NaN
2015,5,25,736109,NaN,NaN,NaN,NaN,NaN,NaN,NaN,NaN,NaN,NaN
2015,5,26,736110,NaN,NaN,NaN,NaN,NaN,NaN,NaN,NaN,NaN,NaN
2015,5,27,736111,NaN,NaN,NaN,NaN,NaN,NaN,NaN,NaN,NaN,NaN
2015,5,28,736112,NaN,NaN,NaN,NaN,NaN,NaN,NaN,NaN,NaN,NaN
2015,5,29,736113,NaN,NaN,NaN,NaN,NaN,NaN,NaN,NaN,NaN,NaN
2015,5,30,736114,NaN,NaN,NaN,NaN,NaN,NaN,NaN,NaN,NaN,NaN
2015,5,31,736115,NaN,NaN,NaN,NaN,NaN,NaN,NaN,NaN,NaN,NaN
2015,6,1,736116,NaN,NaN,NaN,NaN,NaN,NaN,NaN,NaN,NaN,NaN
2015,6,2,736117,NaN,NaN,NaN,NaN,NaN,NaN,NaN,NaN,NaN,NaN
2015,6,3,736118,NaN,NaN,NaN,NaN,NaN,NaN,NaN,NaN,NaN,NaN
2015,6,4,736119,NaN,NaN,NaN,NaN,NaN,NaN,NaN,NaN,NaN,NaN
2015,6,5,736120,NaN,NaN,NaN,NaN,NaN,NaN,NaN,NaN,NaN,NaN
2015,6,6,736121,NaN,NaN,NaN,NaN,NaN,NaN,NaN,NaN,NaN,NaN
2015,6,7,736122,NaN,NaN,NaN,NaN,NaN,NaN,NaN,NaN,NaN,NaN
2015,6,8,736123,NaN,NaN,NaN,NaN,NaN,NaN,NaN,NaN,NaN,NaN
2015,6,9,736124,NaN,NaN,NaN,NaN,NaN,NaN,NaN,NaN,NaN,NaN
2015,6,10,736125,NaN,NaN,NaN,NaN,NaN,NaN,NaN,NaN,NaN,NaN
2015,6,11,736126,NaN,NaN,NaN,NaN,NaN,NaN,NaN,NaN,NaN,NaN
2015,6,12,736127,NaN,NaN,NaN,NaN,NaN,NaN,NaN,NaN,NaN,NaN
2015,6,13,736128,NaN,NaN,NaN,NaN,NaN,NaN,NaN,NaN,NaN,NaN
2015,6,14,736129,NaN,NaN,NaN,NaN,NaN,NaN,NaN,NaN,NaN,NaN
2015,6,15,736130,NaN,NaN,NaN,NaN,NaN,NaN,NaN,NaN,NaN,NaN
2015,6,16,736131,NaN,NaN,NaN,NaN,NaN,NaN,NaN,NaN,NaN,NaN
2015,6,17,736132,NaN,NaN,NaN,NaN,NaN,NaN,NaN,NaN,NaN,NaN
2015,6,18,736133,NaN,NaN,NaN,NaN,NaN,NaN,NaN,NaN,NaN,NaN
2015,6,19,736134,NaN,NaN,NaN,NaN,NaN,NaN,NaN,NaN,NaN,NaN
2015,6,20,736135,NaN,NaN,NaN,NaN,NaN,NaN,NaN,NaN,NaN,NaN
2015,6,21,736136,NaN,NaN,NaN,NaN,NaN,NaN,NaN,NaN,NaN,NaN
2015,6,22,736137,NaN,NaN,NaN,NaN,NaN,NaN,NaN,NaN,NaN,NaN
2015,6,23,736138,NaN,NaN,NaN,NaN,NaN,NaN,NaN,NaN,NaN,NaN
2015,6,24,736139,NaN,NaN,NaN,NaN,NaN,NaN,NaN,NaN,NaN,NaN
2015,6,25,736140,NaN,NaN,NaN,NaN,NaN,NaN,NaN,NaN,NaN,NaN
2015,6,26,736141,NaN,NaN,NaN,NaN,NaN,NaN,NaN,NaN,NaN,NaN
2015,6,27,736142,NaN,NaN,NaN,NaN,NaN,NaN,NaN,NaN,NaN,NaN
2015,6,28,736143,NaN,NaN,NaN,NaN,NaN,NaN,NaN,NaN,NaN,NaN
2015,6,29,736144,NaN,NaN,NaN,NaN,NaN,NaN,NaN,NaN,NaN,NaN
2015,6,30,736145,NaN,NaN,NaN,NaN,NaN,NaN,NaN,NaN,NaN,NaN
2015,7,1,736146,NaN,NaN,NaN,NaN,NaN,NaN,NaN,NaN,NaN,NaN
2015,7,2,736147,NaN,NaN,NaN,NaN,NaN,NaN,NaN,NaN,NaN,NaN
2015,7,3,736148,NaN,NaN,NaN,NaN,NaN,NaN,NaN,NaN,NaN,NaN
2015,7,4,736149,NaN,NaN,NaN,NaN,NaN,NaN,NaN,NaN,NaN,NaN
2015,7,5,736150,NaN,NaN,NaN,NaN,NaN,NaN,NaN,NaN,NaN,NaN
2015,7,6,736151,NaN,NaN,NaN,NaN,NaN,NaN,NaN,NaN,NaN,NaN
2015,7,7,736152,NaN,NaN,NaN,NaN,NaN,NaN,NaN,NaN,NaN,NaN
2015,7,8,736153,NaN,NaN,NaN,NaN,NaN,NaN,NaN,NaN,NaN,NaN
2015,7,9,736154,NaN,NaN,NaN,NaN,NaN,NaN,NaN,NaN,NaN,NaN
2015,7,10,736155,NaN,NaN,NaN,NaN,NaN,NaN,NaN,NaN,NaN,NaN
2015,7,11,736156,NaN,NaN,NaN,NaN,NaN,NaN,NaN,NaN,NaN,NaN
2015,7,12,736157,NaN,NaN,NaN,NaN,NaN,NaN,NaN,NaN,NaN,NaN
2015,7,13,736158,NaN,NaN,NaN,NaN,NaN,NaN,NaN,NaN,NaN,NaN
2015,7,14,736159,NaN,NaN,NaN,NaN,NaN,NaN,NaN,NaN,NaN,NaN
2015,7,15,736160,NaN,NaN,NaN,NaN,NaN,NaN,NaN,NaN,NaN,NaN
2015,7,16,736161,NaN,NaN,NaN,NaN,NaN,NaN,NaN,NaN,NaN,NaN
2015,7,17,736162,NaN,NaN,NaN,NaN,NaN,NaN,NaN,NaN,NaN,NaN
2015,7,18,736163,NaN,NaN,NaN,NaN,NaN,NaN,NaN,NaN,NaN,NaN
2015,7,19,736164,NaN,NaN,NaN,NaN,NaN,NaN,NaN,NaN,NaN,NaN
2015,7,20,736165,NaN,NaN,NaN,NaN,NaN,NaN,NaN,NaN,NaN,NaN
2015,7,21,736166,NaN,NaN,NaN,NaN,NaN,NaN,NaN,NaN,NaN,NaN
2015,7,22,736167,NaN,NaN,NaN,NaN,NaN,NaN,NaN,NaN,NaN,NaN
2015,7,23,736168,NaN,NaN,NaN,NaN,NaN,NaN,NaN,NaN,NaN,NaN
2015,7,24,736169,NaN,NaN,NaN,NaN,NaN,NaN,NaN,NaN,NaN,NaN
2015,7,25,736170,NaN,NaN,NaN,NaN,NaN,NaN,NaN,NaN,NaN,NaN
2015,7,26,736171,NaN,NaN,NaN,NaN,NaN,NaN,NaN,NaN,NaN,NaN
2015,7,27,736172,NaN,NaN,NaN,NaN,NaN,NaN,NaN,NaN,NaN,NaN
2015,7,28,736173,NaN,NaN,NaN,NaN,NaN,NaN,NaN,NaN,NaN,NaN
2015,7,29,736174,NaN,NaN,NaN,NaN,NaN,NaN,NaN,NaN,NaN,NaN
2015,7,30,736175,NaN,NaN,NaN,NaN,NaN,NaN,NaN,NaN,NaN,NaN
2015,7,31,736176,NaN,NaN,NaN,NaN,NaN,NaN,NaN,NaN,NaN,NaN
2015,8,1,736177,NaN,NaN,NaN,NaN,NaN,NaN,NaN,NaN,NaN,NaN
2015,8,2,736178,NaN,NaN,NaN,NaN,NaN,NaN,NaN,NaN,NaN,NaN
2015,8,3,736179,NaN,NaN,NaN,NaN,NaN,NaN,NaN,NaN,NaN,NaN
2015,8,4,736180,NaN,NaN,NaN,NaN,NaN,NaN,NaN,NaN,NaN,NaN
2015,8,5,736181,NaN,NaN,NaN,NaN,NaN,NaN,NaN,NaN,NaN,NaN
2015,8,6,736182,NaN,NaN,NaN,NaN,NaN,NaN,NaN,NaN,NaN,NaN
2015,8,7,736183,NaN,NaN,NaN,NaN,NaN,NaN,NaN,NaN,NaN,NaN
2015,8,8,736184,NaN,NaN,NaN,NaN,NaN,NaN,NaN,NaN,NaN,NaN
2015,8,9,736185,NaN,NaN,NaN,NaN,NaN,NaN,NaN,NaN,NaN,NaN
2015,8,10,736186,NaN,NaN,NaN,NaN,NaN,NaN,NaN,NaN,NaN,NaN
2015,8,11,736187,NaN,NaN,NaN,NaN,NaN,NaN,NaN,NaN,NaN,NaN
2015,8,12,736188,NaN,NaN,NaN,NaN,NaN,NaN,NaN,NaN,NaN,NaN
2015,8,13,736189,NaN,NaN,NaN,NaN,NaN,NaN,NaN,NaN,NaN,NaN
2015,8,14,736190,NaN,NaN,NaN,NaN,NaN,NaN,NaN,NaN,NaN,NaN
2015,8,15,736191,NaN,NaN,NaN,NaN,NaN,NaN,NaN,NaN,NaN,NaN
2015,8,16,736192,NaN,NaN,NaN,NaN,NaN,NaN,NaN,NaN,NaN,NaN
2015,8,17,736193,NaN,NaN,NaN,NaN,NaN,NaN,NaN,NaN,NaN,NaN
2015,8,18,736194,NaN,NaN,NaN,NaN,NaN,NaN,NaN,NaN,NaN,NaN
2015,8,19,736195,NaN,NaN,NaN,NaN,NaN,NaN,NaN,NaN,NaN,NaN
2015,8,20,736196,NaN,NaN,NaN,NaN,NaN,NaN,NaN,NaN,NaN,NaN
2015,8,21,736197,NaN,NaN,NaN,NaN,NaN,NaN,NaN,NaN,NaN,NaN
2015,8,22,736198,NaN,NaN,NaN,NaN,NaN,NaN,NaN,NaN,NaN,NaN
2015,8,23,736199,NaN,NaN,NaN,NaN,NaN,NaN,NaN,NaN,NaN,NaN
2015,8,24,736200,NaN,NaN,NaN,NaN,NaN,NaN,NaN,NaN,NaN,NaN
2015,8,25,736201,NaN,NaN,NaN,NaN,NaN,NaN,NaN,NaN,NaN,NaN
2015,8,26,736202,NaN,NaN,NaN,NaN,NaN,NaN,NaN,NaN,NaN,NaN
2015,8,27,736203,NaN,NaN,NaN,NaN,NaN,NaN,NaN,NaN,NaN,NaN
2015,8,28,736204,NaN,NaN,NaN,NaN,NaN,NaN,NaN,NaN,NaN,NaN
2015,8,29,736205,NaN,NaN,NaN,NaN,NaN,NaN,NaN,NaN,NaN,NaN
2015,8,30,736206,NaN,NaN,NaN,NaN,NaN,NaN,NaN,NaN,NaN,NaN
2015,8,31,736207,NaN,NaN,NaN,NaN,NaN,NaN,NaN,NaN,NaN,NaN
2015,9,1,736208,NaN,NaN,NaN,NaN,NaN,NaN,NaN,NaN,NaN,NaN
2015,9,2,736209,NaN,NaN,NaN,NaN,NaN,NaN,NaN,NaN,NaN,NaN
2015,9,3,736210,NaN,NaN,NaN,NaN,NaN,NaN,NaN,NaN,NaN,NaN
2015,9,4,736211,NaN,NaN,NaN,NaN,NaN,NaN,NaN,NaN,NaN,NaN
2015,9,5,736212,NaN,NaN,NaN,NaN,NaN,NaN,NaN,NaN,NaN,NaN
2015,9,6,736213,NaN,NaN,NaN,NaN,NaN,NaN,NaN,NaN,NaN,NaN
2015,9,7,736214,NaN,NaN,NaN,NaN,NaN,NaN,NaN,NaN,NaN,NaN
2015,9,8,736215,NaN,NaN,NaN,NaN,NaN,NaN,NaN,NaN,NaN,NaN
2015,9,9,736216,NaN,NaN,NaN,NaN,NaN,NaN,NaN,NaN,NaN,NaN
2015,9,10,736217,NaN,NaN,NaN,NaN,NaN,NaN,NaN,NaN,NaN,NaN
2015,9,11,736218,NaN,NaN,NaN,NaN,NaN,NaN,NaN,NaN,NaN,NaN
2015,9,12,736219,NaN,NaN,NaN,NaN,NaN,NaN,NaN,NaN,NaN,NaN
2015,9,13,736220,NaN,NaN,NaN,NaN,NaN,NaN,NaN,NaN,NaN,NaN
2015,9,14,736221,NaN,NaN,NaN,NaN,NaN,NaN,NaN,NaN,NaN,NaN
2015,9,15,736222,NaN,NaN,NaN,NaN,NaN,NaN,NaN,NaN,NaN,NaN
2015,9,16,736223,NaN,NaN,NaN,NaN,NaN,NaN,NaN,NaN,NaN,NaN
2015,9,17,736224,NaN,NaN,NaN,NaN,NaN,NaN,NaN,NaN,NaN,NaN
2015,9,18,736225,NaN,NaN,NaN,NaN,NaN,NaN,NaN,NaN,NaN,NaN
2015,9,19,736226,NaN,NaN,NaN,NaN,NaN,NaN,NaN,NaN,NaN,NaN
2015,9,20,736227,NaN,NaN,NaN,NaN,NaN,NaN,NaN,NaN,NaN,NaN
2015,9,21,736228,NaN,NaN,NaN,NaN,NaN,NaN,NaN,NaN,NaN,NaN
2015,9,22,736229,NaN,NaN,NaN,NaN,NaN,NaN,NaN,NaN,NaN,NaN
2015,9,23,736230,NaN,NaN,NaN,NaN,NaN,NaN,NaN,NaN,NaN,NaN
2015,9,24,736231,NaN,NaN,NaN,NaN,NaN,NaN,NaN,NaN,NaN,NaN
2015,9,25,736232,NaN,NaN,NaN,NaN,NaN,NaN,NaN,NaN,NaN,NaN
2015,9,26,736233,NaN,NaN,NaN,NaN,NaN,NaN,NaN,NaN,NaN,NaN
2015,9,27,736234,NaN,NaN,NaN,NaN,NaN,NaN,NaN,NaN,NaN,NaN
2015,9,28,736235,NaN,NaN,NaN,NaN,NaN,NaN,NaN,NaN,NaN,NaN
2015,9,29,736236,NaN,NaN,NaN,NaN,NaN,NaN,NaN,NaN,NaN,NaN
2015,9,30,736237,NaN,NaN,NaN,NaN,NaN,NaN,NaN,NaN,NaN,NaN
2015,10,1,736238,NaN,NaN,NaN,NaN,NaN,NaN,NaN,NaN,NaN,NaN
2015,10,2,736239,NaN,NaN,NaN,NaN,NaN,NaN,NaN,NaN,NaN,NaN
2015,10,3,736240,NaN,NaN,NaN,NaN,NaN,NaN,NaN,NaN,NaN,NaN
2015,10,4,736241,NaN,NaN,NaN,NaN,NaN,NaN,NaN,NaN,NaN,NaN
2015,10,5,736242,NaN,NaN,NaN,NaN,NaN,NaN,NaN,NaN,NaN,NaN
2015,10,6,736243,NaN,NaN,NaN,NaN,NaN,NaN,NaN,NaN,NaN,NaN
2015,10,7,736244,NaN,NaN,NaN,NaN,NaN,NaN,NaN,NaN,NaN,NaN
2015,10,8,736245,NaN,NaN,NaN,NaN,NaN,NaN,NaN,NaN,NaN,NaN
2015,10,9,736246,NaN,NaN,NaN,NaN,NaN,NaN,NaN,NaN,NaN,NaN
2015,10,10,736247,NaN,NaN,NaN,NaN,NaN,NaN,NaN,NaN,NaN,NaN
2015,10,11,736248,NaN,NaN,NaN,NaN,NaN,NaN,NaN,NaN,NaN,NaN
2015,10,12,736249,NaN,NaN,NaN,NaN,NaN,NaN,NaN,NaN,NaN,NaN
2015,10,13,736250,NaN,NaN,NaN,NaN,NaN,NaN,NaN,NaN,NaN,NaN
2015,10,14,736251,NaN,NaN,NaN,NaN,NaN,NaN,NaN,NaN,NaN,NaN
2015,10,15,736252,NaN,NaN,NaN,NaN,NaN,NaN,NaN,NaN,NaN,NaN
2015,10,16,736253,NaN,NaN,NaN,NaN,NaN,NaN,NaN,NaN,NaN,NaN
2015,10,17,736254,NaN,NaN,NaN,NaN,NaN,NaN,NaN,NaN,NaN,NaN
2015,10,18,736255,NaN,NaN,NaN,NaN,NaN,NaN,NaN,NaN,NaN,NaN
2015,10,19,736256,NaN,NaN,NaN,NaN,NaN,NaN,NaN,NaN,NaN,NaN
2015,10,20,736257,NaN,NaN,NaN,NaN,NaN,NaN,NaN,NaN,NaN,NaN
2015,10,21,736258,NaN,NaN,NaN,NaN,NaN,NaN,NaN,NaN,NaN,NaN
2015,10,22,736259,NaN,NaN,NaN,NaN,NaN,NaN,NaN,NaN,NaN,NaN
2015,10,23,736260,NaN,NaN,NaN,NaN,NaN,NaN,NaN,NaN,NaN,NaN
2015,10,24,736261,NaN,NaN,NaN,NaN,NaN,NaN,NaN,NaN,NaN,NaN
2015,10,25,736262,NaN,NaN,NaN,NaN,NaN,NaN,NaN,NaN,NaN,NaN
2015,10,26,736263,NaN,NaN,NaN,NaN,NaN,NaN,NaN,NaN,NaN,NaN
2015,10,27,736264,NaN,NaN,NaN,NaN,NaN,NaN,NaN,NaN,NaN,NaN
2015,10,28,736265,NaN,NaN,NaN,NaN,NaN,NaN,NaN,NaN,NaN,NaN
2015,10,29,736266,NaN,NaN,NaN,NaN,NaN,NaN,NaN,NaN,NaN,NaN
2015,10,30,736267,NaN,NaN,NaN,NaN,NaN,NaN,NaN,NaN,NaN,NaN
2015,10,31,736268,NaN,NaN,NaN,NaN,NaN,NaN,NaN,NaN,NaN,NaN
2015,11,1,736269,NaN,NaN,NaN,NaN,NaN,NaN,NaN,NaN,NaN,NaN
2015,11,2,736270,NaN,NaN,NaN,NaN,NaN,NaN,NaN,NaN,NaN,NaN
2015,11,3,736271,NaN,NaN,NaN,NaN,NaN,NaN,NaN,NaN,NaN,NaN
2015,11,4,736272,NaN,NaN,NaN,NaN,NaN,NaN,NaN,NaN,NaN,NaN
2015,11,5,736273,NaN,NaN,NaN,NaN,NaN,NaN,NaN,NaN,NaN,NaN
2015,11,6,736274,NaN,NaN,NaN,NaN,NaN,NaN,NaN,NaN,NaN,NaN
2015,11,7,736275,NaN,NaN,NaN,NaN,NaN,NaN,NaN,NaN,NaN,NaN
2015,11,8,736276,NaN,NaN,NaN,NaN,NaN,NaN,NaN,NaN,NaN,NaN
2015,11,9,736277,NaN,NaN,NaN,NaN,NaN,NaN,NaN,NaN,NaN,NaN
2015,11,10,736278,NaN,NaN,NaN,NaN,NaN,NaN,NaN,NaN,NaN,NaN
2015,11,11,736279,NaN,NaN,NaN,NaN,NaN,NaN,NaN,NaN,NaN,NaN
2015,11,12,736280,NaN,NaN,NaN,NaN,NaN,NaN,NaN,NaN,NaN,NaN
2015,11,13,736281,NaN,NaN,NaN,NaN,NaN,NaN,NaN,NaN,NaN,NaN
2015,11,14,736282,NaN,NaN,NaN,NaN,NaN,NaN,NaN,NaN,NaN,NaN
2015,11,15,736283,NaN,NaN,NaN,NaN,NaN,NaN,NaN,NaN,NaN,NaN
2015,11,16,736284,NaN,NaN,NaN,NaN,NaN,NaN,NaN,NaN,NaN,NaN
2015,11,17,736285,NaN,NaN,NaN,NaN,NaN,NaN,NaN,NaN,NaN,NaN
2015,11,18,736286,NaN,NaN,NaN,NaN,NaN,NaN,NaN,NaN,NaN,NaN
2015,11,19,736287,NaN,NaN,NaN,NaN,NaN,NaN,NaN,NaN,NaN,NaN
2015,11,20,736288,NaN,NaN,NaN,NaN,NaN,NaN,NaN,NaN,NaN,NaN
2015,11,21,736289,NaN,NaN,NaN,NaN,NaN,NaN,NaN,NaN,NaN,NaN
2015,11,22,736290,NaN,NaN,NaN,NaN,NaN,NaN,NaN,NaN,NaN,NaN
2015,11,23,736291,NaN,NaN,NaN,NaN,NaN,NaN,NaN,NaN,NaN,NaN
2015,11,24,736292,NaN,NaN,NaN,NaN,NaN,NaN,NaN,NaN,NaN,NaN
2015,11,25,736293,NaN,NaN,NaN,NaN,NaN,NaN,NaN,NaN,NaN,NaN
2015,11,26,736294,NaN,NaN,NaN,NaN,NaN,NaN,NaN,NaN,NaN,NaN
2015,11,27,736295,NaN,NaN,NaN,NaN,NaN,NaN,NaN,NaN,NaN,NaN
2015,11,28,736296,NaN,NaN,NaN,NaN,NaN,NaN,NaN,NaN,NaN,NaN
2015,11,29,736297,NaN,NaN,NaN,NaN,NaN,NaN,NaN,NaN,NaN,NaN
2015,11,30,736298,NaN,NaN,NaN,NaN,NaN,NaN,NaN,NaN,NaN,NaN
2015,12,1,736299,NaN,NaN,NaN,NaN,NaN,NaN,NaN,NaN,NaN,NaN
2015,12,2,736300,NaN,NaN,NaN,NaN,NaN,NaN,NaN,NaN,NaN,NaN
2015,12,3,736301,NaN,NaN,NaN,NaN,NaN,NaN,NaN,NaN,NaN,NaN
2015,12,4,736302,NaN,NaN,NaN,NaN,NaN,NaN,NaN,NaN,NaN,NaN
2015,12,5,736303,NaN,NaN,NaN,NaN,NaN,NaN,NaN,NaN,NaN,NaN
2015,12,6,736304,NaN,NaN,NaN,NaN,NaN,NaN,NaN,NaN,NaN,NaN
2015,12,7,736305,NaN,NaN,NaN,NaN,NaN,NaN,NaN,NaN,NaN,NaN
2015,12,8,736306,NaN,NaN,NaN,NaN,NaN,NaN,NaN,NaN,NaN,NaN
2015,12,9,736307,NaN,NaN,NaN,NaN,NaN,NaN,NaN,NaN,NaN,NaN
2015,12,10,736308,NaN,NaN,NaN,NaN,NaN,NaN,NaN,NaN,NaN,NaN
2015,12,11,736309,NaN,NaN,NaN,NaN,NaN,NaN,NaN,NaN,NaN,NaN
2015,12,12,736310,NaN,NaN,NaN,NaN,NaN,NaN,NaN,NaN,NaN,NaN
2015,12,13,736311,NaN,NaN,NaN,NaN,NaN,NaN,NaN,NaN,NaN,NaN
2015,12,14,736312,NaN,NaN,NaN,NaN,NaN,NaN,NaN,NaN,NaN,NaN
2015,12,15,736313,NaN,NaN,NaN,NaN,NaN,NaN,NaN,NaN,NaN,NaN
2015,12,16,736314,NaN,NaN,NaN,NaN,NaN,NaN,NaN,NaN,NaN,NaN
2015,12,17,736315,NaN,NaN,NaN,NaN,NaN,NaN,NaN,NaN,NaN,NaN
2015,12,18,736316,NaN,NaN,NaN,NaN,NaN,NaN,NaN,NaN,NaN,NaN
2015,12,19,736317,NaN,NaN,NaN,NaN,NaN,NaN,NaN,NaN,NaN,NaN
2015,12,20,736318,NaN,NaN,NaN,NaN,NaN,NaN,NaN,NaN,NaN,NaN
2015,12,21,736319,NaN,NaN,NaN,NaN,NaN,NaN,NaN,NaN,NaN,NaN
2015,12,22,736320,NaN,NaN,NaN,NaN,NaN,NaN,NaN,NaN,NaN,NaN
2015,12,23,736321,NaN,NaN,NaN,NaN,NaN,NaN,NaN,NaN,NaN,NaN
2015,12,24,736322,NaN,NaN,NaN,NaN,NaN,NaN,NaN,NaN,NaN,NaN
2015,12,25,736323,NaN,NaN,NaN,NaN,NaN,NaN,NaN,NaN,NaN,NaN
2015,12,26,736324,NaN,NaN,NaN,NaN,NaN,NaN,NaN,NaN,NaN,NaN
2015,12,27,736325,NaN,NaN,NaN,NaN,NaN,NaN,NaN,NaN,NaN,NaN
2015,12,28,736326,NaN,NaN,NaN,NaN,NaN,NaN,NaN,NaN,NaN,NaN
2015,12,29,736327,NaN,NaN,NaN,NaN,NaN,NaN,NaN,NaN,NaN,NaN
2015,12,30,736328,NaN,NaN,NaN,NaN,NaN,NaN,NaN,NaN,NaN,NaN
2015,12,31,736329,NaN,NaN,NaN,NaN,NaN,NaN,NaN,NaN,NaN,NaN
2016,1,1,736330,NaN,NaN,NaN,NaN,NaN,NaN,NaN,NaN,NaN,NaN
2016,1,2,736331,NaN,NaN,NaN,NaN,NaN,NaN,NaN,NaN,NaN,NaN
2016,1,3,736332,NaN,NaN,NaN,NaN,NaN,NaN,NaN,NaN,NaN,NaN
2016,1,4,736333,NaN,NaN,NaN,NaN,NaN,NaN,NaN,NaN,NaN,NaN
2016,1,5,736334,NaN,NaN,NaN,NaN,NaN,NaN,NaN,NaN,NaN,NaN
2016,1,6,736335,NaN,NaN,NaN,NaN,NaN,NaN,NaN,NaN,NaN,NaN
2016,1,7,736336,NaN,NaN,NaN,NaN,NaN,NaN,NaN,NaN,NaN,NaN
2016,1,8,736337,NaN,NaN,NaN,NaN,NaN,NaN,NaN,NaN,NaN,NaN
2016,1,9,736338,NaN,NaN,NaN,NaN,NaN,NaN,NaN,NaN,NaN,NaN
2016,1,10,736339,NaN,NaN,NaN,NaN,NaN,NaN,NaN,NaN,NaN,NaN
2016,1,11,736340,NaN,NaN,NaN,NaN,NaN,NaN,NaN,NaN,NaN,NaN
2016,1,12,736341,NaN,NaN,NaN,NaN,NaN,NaN,NaN,NaN,NaN,NaN
2016,1,13,736342,NaN,NaN,NaN,NaN,NaN,NaN,NaN,NaN,NaN,NaN
2016,1,14,736343,NaN,NaN,NaN,NaN,NaN,NaN,NaN,NaN,NaN,NaN
2016,1,15,736344,NaN,NaN,NaN,NaN,NaN,NaN,NaN,NaN,NaN,NaN
2016,1,16,736345,NaN,NaN,NaN,NaN,NaN,NaN,NaN,NaN,NaN,NaN
2016,1,17,736346,NaN,NaN,NaN,NaN,NaN,NaN,NaN,NaN,NaN,NaN
2016,1,18,736347,NaN,NaN,NaN,NaN,NaN,NaN,NaN,NaN,NaN,NaN
2016,1,19,736348,NaN,NaN,NaN,NaN,NaN,NaN,NaN,NaN,NaN,NaN
2016,1,20,736349,NaN,NaN,NaN,NaN,NaN,NaN,NaN,NaN,NaN,NaN
2016,1,21,736350,NaN,NaN,NaN,NaN,NaN,NaN,NaN,NaN,NaN,NaN
2016,1,22,736351,NaN,NaN,NaN,NaN,NaN,NaN,NaN,NaN,NaN,NaN
2016,1,23,736352,NaN,NaN,NaN,NaN,NaN,NaN,NaN,NaN,NaN,NaN
2016,1,24,736353,NaN,NaN,NaN,NaN,NaN,NaN,NaN,NaN,NaN,NaN
2016,1,25,736354,NaN,NaN,NaN,NaN,NaN,NaN,NaN,NaN,NaN,NaN
2016,1,26,736355,NaN,NaN,NaN,NaN,NaN,NaN,NaN,NaN,NaN,NaN
2016,1,27,736356,NaN,NaN,NaN,NaN,NaN,NaN,NaN,NaN,NaN,NaN
2016,1,28,736357,NaN,NaN,NaN,NaN,NaN,NaN,NaN,NaN,NaN,NaN
2016,1,29,736358,NaN,NaN,NaN,NaN,NaN,NaN,NaN,NaN,NaN,NaN
2016,1,30,736359,NaN,NaN,NaN,NaN,NaN,NaN,NaN,NaN,NaN,NaN
2016,1,31,736360,NaN,NaN,NaN,NaN,NaN,NaN,NaN,NaN,NaN,NaN
2016,2,1,736361,NaN,NaN,NaN,NaN,NaN,NaN,NaN,NaN,NaN,NaN
2016,2,2,736362,NaN,NaN,NaN,NaN,NaN,NaN,NaN,NaN,NaN,NaN
2016,2,3,736363,NaN,NaN,NaN,NaN,NaN,NaN,NaN,NaN,NaN,NaN
2016,2,4,736364,NaN,NaN,NaN,NaN,NaN,NaN,NaN,NaN,NaN,NaN
2016,2,5,736365,NaN,NaN,NaN,NaN,NaN,NaN,NaN,NaN,NaN,NaN
2016,2,6,736366,NaN,NaN,NaN,NaN,NaN,NaN,NaN,NaN,NaN,NaN
2016,2,7,736367,NaN,NaN,NaN,NaN,NaN,NaN,NaN,NaN,NaN,NaN
2016,2,8,736368,NaN,NaN,NaN,NaN,NaN,NaN,NaN,NaN,NaN,NaN
2016,2,9,736369,NaN,NaN,NaN,NaN,NaN,NaN,NaN,NaN,NaN,NaN
2016,2,10,736370,NaN,NaN,NaN,NaN,NaN,NaN,NaN,NaN,NaN,NaN
2016,2,11,736371,NaN,NaN,NaN,NaN,NaN,NaN,NaN,NaN,NaN,NaN
2016,2,12,736372,NaN,NaN,NaN,NaN,NaN,NaN,NaN,NaN,NaN,NaN
2016,2,13,736373,NaN,NaN,NaN,NaN,NaN,NaN,NaN,NaN,NaN,NaN
2016,2,14,736374,NaN,NaN,NaN,NaN,NaN,NaN,NaN,NaN,NaN,NaN
2016,2,15,736375,NaN,NaN,NaN,NaN,NaN,NaN,NaN,NaN,NaN,NaN
2016,2,16,736376,NaN,NaN,NaN,NaN,NaN,NaN,NaN,NaN,NaN,NaN
2016,2,17,736377,NaN,NaN,NaN,NaN,NaN,NaN,NaN,NaN,NaN,NaN
2016,2,18,736378,NaN,NaN,NaN,NaN,NaN,NaN,NaN,NaN,NaN,NaN
2016,2,19,736379,NaN,NaN,NaN,NaN,NaN,NaN,NaN,NaN,NaN,NaN
2016,2,20,736380,NaN,NaN,NaN,NaN,NaN,NaN,NaN,NaN,NaN,NaN
2016,2,21,736381,NaN,NaN,NaN,NaN,NaN,NaN,NaN,NaN,NaN,NaN
2016,2,22,736382,NaN,NaN,NaN,NaN,NaN,NaN,NaN,NaN,NaN,NaN
2016,2,23,736383,NaN,NaN,NaN,NaN,NaN,NaN,NaN,NaN,NaN,NaN
2016,2,24,736384,NaN,NaN,NaN,NaN,NaN,NaN,NaN,NaN,NaN,NaN
2016,2,25,736385,NaN,NaN,NaN,NaN,NaN,NaN,NaN,NaN,NaN,NaN
2016,2,26,736386,NaN,NaN,NaN,NaN,NaN,NaN,NaN,NaN,NaN,NaN
2016,2,27,736387,NaN,NaN,NaN,NaN,NaN,NaN,NaN,NaN,NaN,NaN
2016,2,28,736388,NaN,NaN,NaN,NaN,NaN,NaN,NaN,NaN,NaN,NaN
2016,2,29,736389,NaN,NaN,NaN,NaN,NaN,NaN,NaN,NaN,NaN,NaN
2016,3,1,736390,NaN,NaN,NaN,NaN,NaN,NaN,NaN,NaN,NaN,NaN
2016,3,2,736391,NaN,NaN,NaN,NaN,NaN,NaN,NaN,NaN,NaN,NaN
2016,3,3,736392,NaN,NaN,NaN,NaN,NaN,NaN,NaN,NaN,NaN,NaN
2016,3,4,736393,NaN,NaN,NaN,NaN,NaN,NaN,NaN,NaN,NaN,NaN
2016,3,5,736394,NaN,NaN,NaN,NaN,NaN,NaN,NaN,NaN,NaN,NaN
2016,3,6,736395,NaN,NaN,NaN,NaN,NaN,NaN,NaN,NaN,NaN,NaN
2016,3,7,736396,NaN,NaN,NaN,NaN,NaN,NaN,NaN,NaN,NaN,NaN
2016,3,8,736397,NaN,NaN,NaN,NaN,NaN,NaN,NaN,NaN,NaN,NaN
2016,3,9,736398,NaN,NaN,NaN,NaN,NaN,NaN,NaN,NaN,NaN,NaN
2016,3,10,736399,NaN,NaN,NaN,NaN,NaN,NaN,NaN,NaN,NaN,NaN
2016,3,11,736400,NaN,NaN,NaN,NaN,NaN,NaN,NaN,NaN,NaN,NaN
2016,3,12,736401,NaN,NaN,NaN,NaN,NaN,NaN,NaN,NaN,NaN,NaN
2016,3,13,736402,NaN,NaN,NaN,NaN,NaN,NaN,NaN,NaN,NaN,NaN
2016,3,14,736403,NaN,NaN,NaN,NaN,NaN,NaN,NaN,NaN,NaN,NaN
2016,3,15,736404,NaN,NaN,NaN,NaN,NaN,NaN,NaN,NaN,NaN,NaN
2016,3,16,736405,NaN,NaN,NaN,NaN,NaN,NaN,NaN,NaN,NaN,NaN
2016,3,17,736406,NaN,NaN,NaN,NaN,NaN,NaN,NaN,NaN,NaN,NaN
2016,3,18,736407,NaN,NaN,NaN,NaN,NaN,NaN,NaN,NaN,NaN,NaN
2016,3,19,736408,NaN,NaN,NaN,NaN,NaN,NaN,NaN,NaN,NaN,NaN
2016,3,20,736409,NaN,NaN,NaN,NaN,NaN,NaN,NaN,NaN,NaN,NaN
2016,3,21,736410,NaN,NaN,NaN,NaN,NaN,NaN,NaN,NaN,NaN,NaN
2016,3,22,736411,NaN,NaN,NaN,NaN,NaN,NaN,NaN,NaN,NaN,NaN
2016,3,23,736412,NaN,NaN,NaN,NaN,NaN,NaN,NaN,NaN,NaN,NaN
2016,3,24,736413,NaN,NaN,NaN,NaN,NaN,NaN,NaN,NaN,NaN,NaN
2016,3,25,736414,NaN,NaN,NaN,NaN,NaN,NaN,NaN,NaN,NaN,NaN
2016,3,26,736415,NaN,NaN,NaN,NaN,NaN,NaN,NaN,NaN,NaN,NaN
2016,3,27,736416,NaN,NaN,NaN,NaN,NaN,NaN,NaN,NaN,NaN,NaN
2016,3,28,736417,NaN,NaN,NaN,NaN,NaN,NaN,NaN,NaN,NaN,NaN
2016,3,29,736418,NaN,NaN,NaN,NaN,NaN,NaN,NaN,NaN,NaN,NaN
2016,3,30,736419,NaN,NaN,NaN,NaN,NaN,NaN,NaN,NaN,NaN,NaN
2016,3,31,736420,NaN,NaN,NaN,NaN,NaN,NaN,NaN,NaN,NaN,NaN
2016,4,1,736421,NaN,NaN,NaN,NaN,NaN,NaN,NaN,NaN,NaN,NaN
2016,4,2,736422,NaN,NaN,NaN,NaN,NaN,NaN,NaN,NaN,NaN,NaN
2016,4,3,736423,NaN,NaN,NaN,NaN,NaN,NaN,NaN,NaN,NaN,NaN
2016,4,4,736424,NaN,NaN,NaN,NaN,NaN,NaN,NaN,NaN,NaN,NaN
2016,4,5,736425,NaN,NaN,NaN,NaN,NaN,NaN,NaN,NaN,NaN,NaN
2016,4,6,736426,NaN,NaN,NaN,NaN,NaN,NaN,NaN,NaN,NaN,NaN
2016,4,7,736427,NaN,NaN,NaN,NaN,NaN,NaN,NaN,NaN,NaN,NaN
2016,4,8,736428,NaN,NaN,NaN,NaN,NaN,NaN,NaN,NaN,NaN,NaN
2016,4,9,736429,NaN,NaN,NaN,NaN,NaN,NaN,NaN,NaN,NaN,NaN
2016,4,10,736430,NaN,NaN,NaN,NaN,NaN,NaN,NaN,NaN,NaN,NaN
2016,4,11,736431,NaN,NaN,NaN,NaN,NaN,NaN,NaN,NaN,NaN,NaN
2016,4,12,736432,NaN,NaN,NaN,NaN,NaN,NaN,NaN,NaN,NaN,NaN
2016,4,13,736433,NaN,NaN,NaN,NaN,NaN,NaN,NaN,NaN,NaN,NaN
2016,4,14,736434,NaN,NaN,NaN,NaN,NaN,NaN,NaN,NaN,NaN,NaN
2016,4,15,736435,NaN,NaN,NaN,NaN,NaN,NaN,NaN,NaN,NaN,NaN
2016,4,16,736436,NaN,NaN,NaN,NaN,NaN,NaN,NaN,NaN,NaN,NaN
2016,4,17,736437,NaN,NaN,NaN,NaN,NaN,NaN,NaN,NaN,NaN,NaN
2016,4,18,736438,NaN,NaN,NaN,NaN,NaN,NaN,NaN,NaN,NaN,NaN
2016,4,19,736439,NaN,NaN,NaN,NaN,NaN,NaN,NaN,NaN,NaN,NaN
2016,4,20,736440,NaN,NaN,NaN,NaN,NaN,NaN,NaN,NaN,NaN,NaN
2016,4,21,736441,NaN,NaN,NaN,NaN,NaN,NaN,NaN,NaN,NaN,NaN
2016,4,22,736442,NaN,NaN,NaN,NaN,NaN,NaN,NaN,NaN,NaN,NaN
2016,4,23,736443,NaN,NaN,NaN,NaN,NaN,NaN,NaN,NaN,NaN,NaN
2016,4,24,736444,NaN,NaN,NaN,NaN,NaN,NaN,NaN,NaN,NaN,NaN
2016,4,25,736445,NaN,NaN,NaN,NaN,NaN,NaN,NaN,NaN,NaN,NaN
2016,4,26,736446,NaN,NaN,NaN,NaN,NaN,NaN,NaN,NaN,NaN,NaN
2016,4,27,736447,NaN,NaN,NaN,NaN,NaN,NaN,NaN,NaN,NaN,NaN
2016,4,28,736448,NaN,NaN,NaN,NaN,NaN,NaN,NaN,NaN,NaN,NaN
2016,4,29,736449,NaN,NaN,NaN,NaN,NaN,NaN,NaN,NaN,NaN,NaN
2016,4,30,736450,NaN,NaN,NaN,NaN,NaN,NaN,NaN,NaN,NaN,NaN
2016,5,1,736451,NaN,NaN,NaN,NaN,NaN,NaN,NaN,NaN,NaN,NaN
2016,5,2,736452,NaN,NaN,NaN,NaN,NaN,NaN,NaN,NaN,NaN,NaN
2016,5,3,736453,NaN,NaN,NaN,NaN,NaN,NaN,NaN,NaN,NaN,NaN
2016,5,4,736454,NaN,NaN,NaN,NaN,NaN,NaN,NaN,NaN,NaN,NaN
2016,5,5,736455,NaN,NaN,NaN,NaN,NaN,NaN,NaN,NaN,NaN,NaN
2016,5,6,736456,NaN,NaN,NaN,NaN,NaN,NaN,NaN,NaN,NaN,NaN
2016,5,7,736457,NaN,NaN,NaN,NaN,NaN,NaN,NaN,NaN,NaN,NaN
2016,5,8,736458,NaN,NaN,NaN,NaN,NaN,NaN,NaN,NaN,NaN,NaN
2016,5,9,736459,NaN,NaN,NaN,NaN,NaN,NaN,NaN,NaN,NaN,NaN
2016,5,10,736460,NaN,NaN,NaN,NaN,NaN,NaN,NaN,NaN,NaN,NaN
2016,5,11,736461,NaN,NaN,NaN,NaN,NaN,NaN,NaN,NaN,NaN,NaN
2016,5,12,736462,NaN,NaN,NaN,NaN,NaN,NaN,NaN,NaN,NaN,NaN
2016,5,13,736463,NaN,NaN,NaN,NaN,NaN,NaN,NaN,NaN,NaN,NaN
2016,5,14,736464,NaN,NaN,NaN,NaN,NaN,NaN,NaN,NaN,NaN,NaN
2016,5,15,736465,NaN,NaN,NaN,NaN,NaN,NaN,NaN,NaN,NaN,NaN
2016,5,16,736466,NaN,NaN,NaN,NaN,NaN,NaN,NaN,NaN,NaN,NaN
2016,5,17,736467,NaN,NaN,NaN,NaN,NaN,NaN,NaN,NaN,NaN,NaN
2016,5,18,736468,NaN,NaN,NaN,NaN,NaN,NaN,NaN,NaN,NaN,NaN
2016,5,19,736469,NaN,NaN,NaN,NaN,NaN,NaN,NaN,NaN,NaN,NaN
2016,5,20,736470,NaN,NaN,NaN,NaN,NaN,NaN,NaN,NaN,NaN,NaN
2016,5,21,736471,NaN,NaN,NaN,NaN,NaN,NaN,NaN,NaN,NaN,NaN
2016,5,22,736472,NaN,NaN,NaN,NaN,NaN,NaN,NaN,NaN,NaN,NaN
2016,5,23,736473,NaN,NaN,NaN,NaN,NaN,NaN,NaN,NaN,NaN,NaN
2016,5,24,736474,NaN,NaN,NaN,NaN,NaN,NaN,NaN,NaN,NaN,NaN
2016,5,25,736475,NaN,NaN,NaN,NaN,NaN,NaN,NaN,NaN,NaN,NaN
2016,5,26,736476,NaN,NaN,NaN,NaN,NaN,NaN,NaN,NaN,NaN,NaN
2016,5,27,736477,NaN,NaN,NaN,NaN,NaN,NaN,NaN,NaN,NaN,NaN
2016,5,28,736478,NaN,NaN,NaN,NaN,NaN,NaN,NaN,NaN,NaN,NaN
2016,5,29,736479,NaN,NaN,NaN,NaN,NaN,NaN,NaN,NaN,NaN,NaN
2016,5,30,736480,NaN,NaN,NaN,NaN,NaN,NaN,NaN,NaN,NaN,NaN
2016,5,31,736481,NaN,NaN,NaN,NaN,NaN,NaN,NaN,NaN,NaN,NaN
2016,6,1,736482,NaN,NaN,NaN,NaN,NaN,NaN,NaN,NaN,NaN,NaN
2016,6,2,736483,NaN,NaN,NaN,NaN,NaN,NaN,NaN,NaN,NaN,NaN
2016,6,3,736484,NaN,NaN,NaN,NaN,NaN,NaN,NaN,NaN,NaN,NaN
2016,6,4,736485,NaN,NaN,NaN,NaN,NaN,NaN,NaN,NaN,NaN,NaN
2016,6,5,736486,NaN,NaN,NaN,NaN,NaN,NaN,NaN,NaN,NaN,NaN
2016,6,6,736487,NaN,NaN,NaN,NaN,NaN,NaN,NaN,NaN,NaN,NaN
2016,6,7,736488,NaN,NaN,NaN,NaN,NaN,NaN,NaN,NaN,NaN,NaN
2016,6,8,736489,NaN,NaN,NaN,NaN,NaN,NaN,NaN,NaN,NaN,NaN
2016,6,9,736490,NaN,NaN,NaN,NaN,NaN,NaN,NaN,NaN,NaN,NaN
2016,6,10,736491,NaN,NaN,NaN,NaN,NaN,NaN,NaN,NaN,NaN,NaN
2016,6,11,736492,NaN,NaN,NaN,NaN,NaN,NaN,NaN,NaN,NaN,NaN
2016,6,12,736493,NaN,NaN,NaN,NaN,NaN,NaN,NaN,NaN,NaN,NaN
2016,6,13,736494,NaN,NaN,NaN,NaN,NaN,NaN,NaN,NaN,NaN,NaN
2016,6,14,736495,NaN,NaN,NaN,NaN,NaN,NaN,NaN,NaN,NaN,NaN
2016,6,15,736496,NaN,NaN,NaN,NaN,NaN,NaN,NaN,NaN,NaN,NaN
2016,6,16,736497,NaN,NaN,NaN,NaN,NaN,NaN,NaN,NaN,NaN,NaN
2016,6,17,736498,NaN,NaN,NaN,NaN,NaN,NaN,NaN,NaN,NaN,NaN
2016,6,18,736499,NaN,NaN,NaN,NaN,NaN,NaN,NaN,NaN,NaN,NaN
2016,6,19,736500,NaN,NaN,NaN,NaN,NaN,NaN,NaN,NaN,NaN,NaN
2016,6,20,736501,NaN,NaN,NaN,NaN,NaN,NaN,NaN,NaN,NaN,NaN
2016,6,21,736502,NaN,NaN,NaN,NaN,NaN,NaN,NaN,NaN,NaN,NaN
2016,6,22,736503,NaN,NaN,NaN,NaN,NaN,NaN,NaN,NaN,NaN,NaN
2016,6,23,736504,NaN,NaN,NaN,NaN,NaN,NaN,NaN,NaN,NaN,NaN
2016,6,24,736505,NaN,NaN,NaN,NaN,NaN,NaN,NaN,NaN,NaN,NaN
2016,6,25,736506,NaN,NaN,NaN,NaN,NaN,NaN,NaN,NaN,NaN,NaN
2016,6,26,736507,NaN,NaN,NaN,NaN,NaN,NaN,NaN,NaN,NaN,NaN
2016,6,27,736508,NaN,NaN,NaN,NaN,NaN,NaN,NaN,NaN,NaN,NaN
2016,6,28,736509,NaN,NaN,NaN,NaN,NaN,NaN,NaN,NaN,NaN,NaN
2016,6,29,736510,NaN,NaN,NaN,NaN,NaN,NaN,NaN,NaN,NaN,NaN
2016,6,30,736511,NaN,NaN,NaN,NaN,NaN,NaN,NaN,NaN,NaN,NaN
2016,7,1,736512,NaN,NaN,NaN,NaN,NaN,NaN,NaN,NaN,NaN,NaN
2016,7,2,736513,NaN,NaN,NaN,NaN,NaN,NaN,NaN,NaN,NaN,NaN
2016,7,3,736514,NaN,NaN,NaN,NaN,NaN,NaN,NaN,NaN,NaN,NaN
2016,7,4,736515,NaN,NaN,NaN,NaN,NaN,NaN,NaN,NaN,NaN,NaN
2016,7,5,736516,NaN,NaN,NaN,NaN,NaN,NaN,NaN,NaN,NaN,NaN
2016,7,6,736517,NaN,NaN,NaN,NaN,NaN,NaN,NaN,NaN,NaN,NaN
2016,7,7,736518,NaN,NaN,NaN,NaN,NaN,NaN,NaN,NaN,NaN,NaN
2016,7,8,736519,NaN,NaN,NaN,NaN,NaN,NaN,NaN,NaN,NaN,NaN
2016,7,9,736520,NaN,NaN,NaN,NaN,NaN,NaN,NaN,NaN,NaN,NaN
2016,7,10,736521,NaN,NaN,NaN,NaN,NaN,NaN,NaN,NaN,NaN,NaN
2016,7,11,736522,NaN,NaN,NaN,NaN,NaN,NaN,NaN,NaN,NaN,NaN
2016,7,12,736523,NaN,NaN,NaN,NaN,NaN,NaN,NaN,NaN,NaN,NaN
2016,7,13,736524,NaN,NaN,NaN,NaN,NaN,NaN,NaN,NaN,NaN,NaN
2016,7,14,736525,NaN,NaN,NaN,NaN,NaN,NaN,NaN,NaN,NaN,NaN
2016,7,15,736526,NaN,NaN,NaN,NaN,NaN,NaN,NaN,NaN,NaN,NaN
2016,7,16,736527,NaN,NaN,NaN,NaN,NaN,NaN,NaN,NaN,NaN,NaN
2016,7,17,736528,NaN,NaN,NaN,NaN,NaN,NaN,NaN,NaN,NaN,NaN
2016,7,18,736529,NaN,NaN,NaN,NaN,NaN,NaN,NaN,NaN,NaN,NaN
2016,7,19,736530,NaN,NaN,NaN,NaN,NaN,NaN,NaN,NaN,NaN,NaN
2016,7,20,736531,NaN,NaN,NaN,NaN,NaN,NaN,NaN,NaN,NaN,NaN
2016,7,21,736532,NaN,NaN,NaN,NaN,NaN,NaN,NaN,NaN,NaN,NaN
2016,7,22,736533,NaN,NaN,NaN,NaN,NaN,NaN,NaN,NaN,NaN,NaN
2016,7,23,736534,NaN,NaN,NaN,NaN,NaN,NaN,NaN,NaN,NaN,NaN
2016,7,24,736535,NaN,NaN,NaN,NaN,NaN,NaN,NaN,NaN,NaN,NaN
2016,7,25,736536,NaN,NaN,NaN,NaN,NaN,NaN,NaN,NaN,NaN,NaN
2016,7,26,736537,NaN,NaN,NaN,NaN,NaN,NaN,NaN,NaN,NaN,NaN
2016,7,27,736538,NaN,NaN,NaN,NaN,NaN,NaN,NaN,NaN,NaN,NaN
2016,7,28,736539,NaN,NaN,NaN,NaN,NaN,NaN,NaN,NaN,NaN,NaN
2016,7,29,736540,NaN,NaN,NaN,NaN,NaN,NaN,NaN,NaN,NaN,NaN
2016,7,30,736541,NaN,NaN,NaN,NaN,NaN,NaN,NaN,NaN,NaN,NaN
2016,7,31,736542,NaN,NaN,NaN,NaN,NaN,NaN,NaN,NaN,NaN,NaN
2016,8,1,736543,NaN,NaN,NaN,NaN,NaN,NaN,NaN,NaN,NaN,NaN
2016,8,2,736544,NaN,NaN,NaN,NaN,NaN,NaN,NaN,NaN,NaN,NaN
2016,8,3,736545,NaN,NaN,NaN,NaN,NaN,NaN,NaN,NaN,NaN,NaN
2016,8,4,736546,NaN,NaN,NaN,NaN,NaN,NaN,NaN,NaN,NaN,NaN
2016,8,5,736547,NaN,NaN,NaN,NaN,NaN,NaN,NaN,NaN,NaN,NaN
2016,8,6,736548,NaN,NaN,NaN,NaN,NaN,NaN,NaN,NaN,NaN,NaN
2016,8,7,736549,NaN,NaN,NaN,NaN,NaN,NaN,NaN,NaN,NaN,NaN
2016,8,8,736550,NaN,NaN,NaN,NaN,NaN,NaN,NaN,NaN,NaN,NaN
2016,8,9,736551,NaN,NaN,NaN,NaN,NaN,NaN,NaN,NaN,NaN,NaN
2016,8,10,736552,NaN,NaN,NaN,NaN,NaN,NaN,NaN,NaN,NaN,NaN
2016,8,11,736553,NaN,NaN,NaN,NaN,NaN,NaN,NaN,NaN,NaN,NaN
2016,8,12,736554,NaN,NaN,NaN,NaN,NaN,NaN,NaN,NaN,NaN,NaN
2016,8,13,736555,NaN,NaN,NaN,NaN,NaN,NaN,NaN,NaN,NaN,NaN
2016,8,14,736556,NaN,NaN,NaN,NaN,NaN,NaN,NaN,NaN,NaN,NaN
2016,8,15,736557,NaN,NaN,NaN,NaN,NaN,NaN,NaN,NaN,NaN,NaN
2016,8,16,736558,NaN,NaN,NaN,NaN,NaN,NaN,NaN,NaN,NaN,NaN
2016,8,17,736559,NaN,NaN,NaN,NaN,NaN,NaN,NaN,NaN,NaN,NaN
2016,8,18,736560,NaN,NaN,NaN,NaN,NaN,NaN,NaN,NaN,NaN,NaN
2016,8,19,736561,NaN,NaN,NaN,NaN,NaN,NaN,NaN,NaN,NaN,NaN
2016,8,20,736562,NaN,NaN,NaN,NaN,NaN,NaN,NaN,NaN,NaN,NaN
2016,8,21,736563,NaN,NaN,NaN,NaN,NaN,NaN,NaN,NaN,NaN,NaN
2016,8,22,736564,NaN,NaN,NaN,NaN,NaN,NaN,NaN,NaN,NaN,NaN
2016,8,23,736565,NaN,NaN,NaN,NaN,NaN,NaN,NaN,NaN,NaN,NaN
2016,8,24,736566,NaN,NaN,NaN,NaN,NaN,NaN,NaN,NaN,NaN,NaN
2016,8,25,736567,NaN,NaN,NaN,NaN,NaN,NaN,NaN,NaN,NaN,NaN
2016,8,26,736568,NaN,NaN,NaN,NaN,NaN,NaN,NaN,NaN,NaN,NaN
2016,8,27,736569,NaN,NaN,NaN,NaN,NaN,NaN,NaN,NaN,NaN,NaN
2016,8,28,736570,NaN,NaN,NaN,NaN,NaN,NaN,NaN,NaN,NaN,NaN
2016,8,29,736571,NaN,NaN,NaN,NaN,NaN,NaN,NaN,NaN,NaN,NaN
2016,8,30,736572,NaN,NaN,NaN,NaN,NaN,NaN,NaN,NaN,NaN,NaN
2016,8,31,736573,NaN,NaN,NaN,NaN,NaN,NaN,NaN,NaN,NaN,NaN
2016,9,1,736574,NaN,NaN,NaN,NaN,NaN,NaN,NaN,NaN,NaN,NaN
2016,9,2,736575,NaN,NaN,NaN,NaN,NaN,NaN,NaN,NaN,NaN,NaN
2016,9,3,736576,NaN,NaN,NaN,NaN,NaN,NaN,NaN,NaN,NaN,NaN
2016,9,4,736577,NaN,NaN,NaN,NaN,NaN,NaN,NaN,NaN,NaN,NaN
2016,9,5,736578,NaN,NaN,NaN,NaN,NaN,NaN,NaN,NaN,NaN,NaN
2016,9,6,736579,NaN,NaN,NaN,NaN,NaN,NaN,NaN,NaN,NaN,NaN
2016,9,7,736580,NaN,NaN,NaN,NaN,NaN,NaN,NaN,NaN,NaN,NaN
2016,9,8,736581,NaN,NaN,NaN,NaN,NaN,NaN,NaN,NaN,NaN,NaN
2016,9,9,736582,NaN,NaN,NaN,NaN,NaN,NaN,NaN,NaN,NaN,NaN
2016,9,10,736583,NaN,NaN,NaN,NaN,NaN,NaN,NaN,NaN,NaN,NaN
2016,9,11,736584,NaN,NaN,NaN,NaN,NaN,NaN,NaN,NaN,NaN,NaN
2016,9,12,736585,NaN,NaN,NaN,NaN,NaN,NaN,NaN,NaN,NaN,NaN
2016,9,13,736586,NaN,NaN,NaN,NaN,NaN,NaN,NaN,NaN,NaN,NaN
2016,9,14,736587,NaN,NaN,NaN,NaN,NaN,NaN,NaN,NaN,NaN,NaN
2016,9,15,736588,NaN,NaN,NaN,NaN,NaN,NaN,NaN,NaN,NaN,NaN
2016,9,16,736589,NaN,NaN,NaN,NaN,NaN,NaN,NaN,NaN,NaN,NaN
2016,9,17,736590,NaN,NaN,NaN,NaN,NaN,NaN,NaN,NaN,NaN,NaN
2016,9,18,736591,NaN,NaN,NaN,NaN,NaN,NaN,NaN,NaN,NaN,NaN
2016,9,19,736592,NaN,NaN,NaN,NaN,NaN,NaN,NaN,NaN,NaN,NaN
2016,9,20,736593,NaN,NaN,NaN,NaN,NaN,NaN,NaN,NaN,NaN,NaN
2016,9,21,736594,NaN,NaN,NaN,NaN,NaN,NaN,NaN,NaN,NaN,NaN
2016,9,22,736595,NaN,NaN,NaN,NaN,NaN,NaN,NaN,NaN,NaN,NaN
2016,9,23,736596,NaN,NaN,NaN,NaN,NaN,NaN,NaN,NaN,NaN,NaN
2016,9,24,736597,NaN,NaN,NaN,NaN,NaN,NaN,NaN,NaN,NaN,NaN
2016,9,25,736598,NaN,NaN,NaN,NaN,NaN,NaN,NaN,NaN,NaN,NaN
2016,9,26,736599,NaN,NaN,NaN,NaN,NaN,NaN,NaN,NaN,NaN,NaN
2016,9,27,736600,NaN,NaN,NaN,NaN,NaN,NaN,NaN,NaN,NaN,NaN
2016,9,28,736601,NaN,NaN,NaN,NaN,NaN,NaN,NaN,NaN,NaN,NaN
2016,9,29,736602,NaN,NaN,NaN,NaN,NaN,NaN,NaN,NaN,NaN,NaN
2016,9,30,736603,NaN,NaN,NaN,NaN,NaN,NaN,NaN,NaN,NaN,NaN
2016,10,1,736604,NaN,NaN,NaN,NaN,NaN,NaN,NaN,NaN,NaN,NaN
2016,10,2,736605,NaN,NaN,NaN,NaN,NaN,NaN,NaN,NaN,NaN,NaN
2016,10,3,736606,NaN,NaN,NaN,NaN,NaN,NaN,NaN,NaN,NaN,NaN
2016,10,4,736607,NaN,NaN,NaN,NaN,NaN,NaN,NaN,NaN,NaN,NaN
2016,10,5,736608,NaN,NaN,NaN,NaN,NaN,NaN,NaN,NaN,NaN,NaN
2016,10,6,736609,NaN,NaN,NaN,NaN,NaN,NaN,NaN,NaN,NaN,NaN
2016,10,7,736610,NaN,NaN,NaN,NaN,NaN,NaN,NaN,NaN,NaN,NaN
2016,10,8,736611,NaN,NaN,NaN,NaN,NaN,NaN,NaN,NaN,NaN,NaN
2016,10,9,736612,NaN,NaN,NaN,NaN,NaN,NaN,NaN,NaN,NaN,NaN
2016,10,10,736613,NaN,NaN,NaN,NaN,NaN,NaN,NaN,NaN,NaN,NaN
2016,10,11,736614,NaN,NaN,NaN,NaN,NaN,NaN,NaN,NaN,NaN,NaN
2016,10,12,736615,NaN,NaN,NaN,NaN,NaN,NaN,NaN,NaN,NaN,NaN
2016,10,13,736616,NaN,NaN,NaN,NaN,NaN,NaN,NaN,NaN,NaN,NaN
2016,10,14,736617,NaN,NaN,NaN,NaN,NaN,NaN,NaN,NaN,NaN,NaN
2016,10,15,736618,NaN,NaN,NaN,NaN,NaN,NaN,NaN,NaN,NaN,NaN
2016,10,16,736619,NaN,NaN,NaN,NaN,NaN,NaN,NaN,NaN,NaN,NaN
2016,10,17,736620,NaN,NaN,NaN,NaN,NaN,NaN,NaN,NaN,NaN,NaN
2016,10,18,736621,NaN,NaN,NaN,NaN,NaN,NaN,NaN,NaN,NaN,NaN
2016,10,19,736622,NaN,NaN,NaN,NaN,NaN,NaN,NaN,NaN,NaN,NaN
2016,10,20,736623,NaN,NaN,NaN,NaN,NaN,NaN,NaN,NaN,NaN,NaN
2016,10,21,736624,NaN,NaN,NaN,NaN,NaN,NaN,NaN,NaN,NaN,NaN
2016,10,22,736625,NaN,NaN,NaN,NaN,NaN,NaN,NaN,NaN,NaN,NaN
2016,10,23,736626,NaN,NaN,NaN,NaN,NaN,NaN,NaN,NaN,NaN,NaN
2016,10,24,736627,NaN,NaN,NaN,NaN,NaN,NaN,NaN,NaN,NaN,NaN
2016,10,25,736628,NaN,NaN,NaN,NaN,NaN,NaN,NaN,NaN,NaN,NaN
2016,10,26,736629,NaN,NaN,NaN,NaN,NaN,NaN,NaN,NaN,NaN,NaN
2016,10,27,736630,NaN,NaN,NaN,NaN,NaN,NaN,NaN,NaN,NaN,NaN
2016,10,28,736631,NaN,NaN,NaN,NaN,NaN,NaN,NaN,NaN,NaN,NaN
2016,10,29,736632,NaN,NaN,NaN,NaN,NaN,NaN,NaN,NaN,NaN,NaN
2016,10,30,736633,NaN,NaN,NaN,NaN,NaN,NaN,NaN,NaN,NaN,NaN
2016,10,31,736634,NaN,NaN,NaN,NaN,NaN,NaN,NaN,NaN,NaN,NaN
2016,11,1,736635,NaN,NaN,NaN,NaN,NaN,NaN,NaN,NaN,NaN,NaN
2016,11,2,736636,NaN,NaN,NaN,NaN,NaN,NaN,NaN,NaN,NaN,NaN
2016,11,3,736637,NaN,NaN,NaN,NaN,NaN,NaN,NaN,NaN,NaN,NaN
2016,11,4,736638,NaN,NaN,NaN,NaN,NaN,NaN,NaN,NaN,NaN,NaN
2016,11,5,736639,NaN,NaN,NaN,NaN,NaN,NaN,NaN,NaN,NaN,NaN
2016,11,6,736640,NaN,NaN,NaN,NaN,NaN,NaN,NaN,NaN,NaN,NaN
2016,11,7,736641,NaN,NaN,NaN,NaN,NaN,NaN,NaN,NaN,NaN,NaN
2016,11,8,736642,NaN,NaN,NaN,NaN,NaN,NaN,NaN,NaN,NaN,NaN
2016,11,9,736643,NaN,NaN,NaN,NaN,NaN,NaN,NaN,NaN,NaN,NaN
2016,11,10,736644,NaN,NaN,NaN,NaN,NaN,NaN,NaN,NaN,NaN,NaN
2016,11,11,736645,NaN,NaN,NaN,NaN,NaN,NaN,NaN,NaN,NaN,NaN
2016,11,12,736646,NaN,NaN,NaN,NaN,NaN,NaN,NaN,NaN,NaN,NaN
2016,11,13,736647,NaN,NaN,NaN,NaN,NaN,NaN,NaN,NaN,NaN,NaN
2016,11,14,736648,NaN,NaN,NaN,NaN,NaN,NaN,NaN,NaN,NaN,NaN
2016,11,15,736649,NaN,NaN,NaN,NaN,NaN,NaN,NaN,NaN,NaN,NaN
2016,11,16,736650,NaN,NaN,NaN,NaN,NaN,NaN,NaN,NaN,NaN,NaN
2016,11,17,736651,NaN,NaN,NaN,NaN,NaN,NaN,NaN,NaN,NaN,NaN
2016,11,18,736652,NaN,NaN,NaN,NaN,NaN,NaN,NaN,NaN,NaN,NaN
2016,11,19,736653,NaN,NaN,NaN,NaN,NaN,NaN,NaN,NaN,NaN,NaN
2016,11,20,736654,NaN,NaN,NaN,NaN,NaN,NaN,NaN,NaN,NaN,NaN
2016,11,21,736655,NaN,NaN,NaN,NaN,NaN,NaN,NaN,NaN,NaN,NaN
2016,11,22,736656,NaN,NaN,NaN,NaN,NaN,NaN,NaN,NaN,NaN,NaN
2016,11,23,736657,NaN,NaN,NaN,NaN,NaN,NaN,NaN,NaN,NaN,NaN
2016,11,24,736658,NaN,NaN,NaN,NaN,NaN,NaN,NaN,NaN,NaN,NaN
2016,11,25,736659,NaN,NaN,NaN,NaN,NaN,NaN,NaN,NaN,NaN,NaN
2016,11,26,736660,NaN,NaN,NaN,NaN,NaN,NaN,NaN,NaN,NaN,NaN
2016,11,27,736661,NaN,NaN,NaN,NaN,NaN,NaN,NaN,NaN,NaN,NaN
2016,11,28,736662,NaN,NaN,NaN,NaN,NaN,NaN,NaN,NaN,NaN,NaN
2016,11,29,736663,NaN,NaN,NaN,NaN,NaN,NaN,NaN,NaN,NaN,NaN
2016,11,30,736664,NaN,NaN,NaN,NaN,NaN,NaN,NaN,NaN,NaN,NaN
2016,12,1,736665,NaN,NaN,NaN,NaN,NaN,NaN,NaN,NaN,NaN,NaN
2016,12,2,736666,NaN,NaN,NaN,NaN,NaN,NaN,NaN,NaN,NaN,NaN
2016,12,3,736667,NaN,NaN,NaN,NaN,NaN,NaN,NaN,NaN,NaN,NaN
2016,12,4,736668,NaN,NaN,NaN,NaN,NaN,NaN,NaN,NaN,NaN,NaN
2016,12,5,736669,NaN,NaN,NaN,NaN,NaN,NaN,NaN,NaN,NaN,NaN
2016,12,6,736670,NaN,NaN,NaN,NaN,NaN,NaN,NaN,NaN,NaN,NaN
2016,12,7,736671,NaN,NaN,NaN,NaN,NaN,NaN,NaN,NaN,NaN,NaN
2016,12,8,736672,NaN,NaN,NaN,NaN,NaN,NaN,NaN,NaN,NaN,NaN
2016,12,9,736673,NaN,NaN,NaN,NaN,NaN,NaN,NaN,NaN,NaN,NaN
2016,12,10,736674,NaN,NaN,NaN,NaN,NaN,NaN,NaN,NaN,NaN,NaN
2016,12,11,736675,NaN,NaN,NaN,NaN,NaN,NaN,NaN,NaN,NaN,NaN
2016,12,12,736676,NaN,NaN,NaN,NaN,NaN,NaN,NaN,NaN,NaN,NaN
2016,12,13,736677,NaN,NaN,NaN,NaN,NaN,NaN,NaN,NaN,NaN,NaN
2016,12,14,736678,NaN,NaN,NaN,NaN,NaN,NaN,NaN,NaN,NaN,NaN
2016,12,15,736679,NaN,NaN,NaN,NaN,NaN,NaN,NaN,NaN,NaN,NaN
2016,12,16,736680,NaN,NaN,NaN,NaN,NaN,NaN,NaN,NaN,NaN,NaN
2016,12,17,736681,NaN,NaN,NaN,NaN,NaN,NaN,NaN,NaN,NaN,NaN
2016,12,18,736682,NaN,NaN,NaN,NaN,NaN,NaN,NaN,NaN,NaN,NaN
2016,12,19,736683,NaN,NaN,NaN,NaN,NaN,NaN,NaN,NaN,NaN,NaN
2016,12,20,736684,NaN,NaN,NaN,NaN,NaN,NaN,NaN,NaN,NaN,NaN
2016,12,21,736685,NaN,NaN,NaN,NaN,NaN,NaN,NaN,NaN,NaN,NaN
2016,12,22,736686,NaN,NaN,NaN,NaN,NaN,NaN,NaN,NaN,NaN,NaN
2016,12,23,736687,NaN,NaN,NaN,NaN,NaN,NaN,NaN,NaN,NaN,NaN
2016,12,24,736688,NaN,NaN,NaN,NaN,NaN,NaN,NaN,NaN,NaN,NaN
2016,12,25,736689,NaN,NaN,NaN,NaN,NaN,NaN,NaN,NaN,NaN,NaN
2016,12,26,736690,NaN,NaN,NaN,NaN,NaN,NaN,NaN,NaN,NaN,NaN
2016,12,27,736691,NaN,NaN,NaN,NaN,NaN,NaN,NaN,NaN,NaN,NaN
2016,12,28,736692,NaN,NaN,NaN,NaN,NaN,NaN,NaN,NaN,NaN,NaN
2016,12,29,736693,NaN,NaN,NaN,NaN,NaN,NaN,NaN,NaN,NaN,NaN
2016,12,30,736694,NaN,NaN,NaN,NaN,NaN,NaN,NaN,NaN,NaN,NaN
2016,12,31,736695,NaN,NaN,NaN,NaN,NaN,NaN,NaN,NaN,NaN,NaN
2017,1,1,736696,NaN,NaN,NaN,NaN,NaN,NaN,NaN,NaN,NaN,NaN
2017,1,2,736697,NaN,NaN,NaN,NaN,NaN,NaN,NaN,NaN,NaN,NaN
2017,1,3,736698,NaN,NaN,NaN,NaN,NaN,NaN,NaN,NaN,NaN,NaN
2017,1,4,736699,NaN,NaN,NaN,NaN,NaN,NaN,NaN,NaN,NaN,NaN
2017,1,5,736700,NaN,NaN,NaN,NaN,NaN,NaN,NaN,NaN,NaN,NaN
2017,1,6,736701,NaN,NaN,NaN,NaN,NaN,NaN,NaN,NaN,NaN,NaN
2017,1,7,736702,NaN,NaN,NaN,NaN,NaN,NaN,NaN,NaN,NaN,NaN
2017,1,8,736703,NaN,NaN,NaN,NaN,NaN,NaN,NaN,NaN,NaN,NaN
2017,1,9,736704,NaN,NaN,NaN,NaN,NaN,NaN,NaN,NaN,NaN,NaN
2017,1,10,736705,NaN,NaN,NaN,NaN,NaN,NaN,NaN,NaN,NaN,NaN
2017,1,11,736706,NaN,NaN,NaN,NaN,NaN,NaN,NaN,NaN,NaN,NaN
2017,1,12,736707,NaN,NaN,NaN,NaN,NaN,NaN,NaN,NaN,NaN,NaN
2017,1,13,736708,NaN,NaN,NaN,NaN,NaN,NaN,NaN,NaN,NaN,NaN
2017,1,14,736709,NaN,NaN,NaN,NaN,NaN,NaN,NaN,NaN,NaN,NaN
2017,1,15,736710,NaN,NaN,NaN,NaN,NaN,NaN,NaN,NaN,NaN,NaN
2017,1,16,736711,NaN,NaN,NaN,NaN,NaN,NaN,NaN,NaN,NaN,NaN
2017,1,17,736712,NaN,NaN,NaN,NaN,NaN,NaN,NaN,NaN,NaN,NaN
2017,1,18,736713,NaN,NaN,NaN,NaN,NaN,NaN,NaN,NaN,NaN,NaN
2017,1,19,736714,NaN,NaN,NaN,NaN,NaN,NaN,NaN,NaN,NaN,NaN
2017,1,20,736715,NaN,NaN,NaN,NaN,NaN,NaN,NaN,NaN,NaN,NaN
2017,1,21,736716,NaN,NaN,NaN,NaN,NaN,NaN,NaN,NaN,NaN,NaN
2017,1,22,736717,NaN,NaN,NaN,NaN,NaN,NaN,NaN,NaN,NaN,NaN
2017,1,23,736718,NaN,NaN,NaN,NaN,NaN,NaN,NaN,NaN,NaN,NaN
2017,1,24,736719,NaN,NaN,NaN,NaN,NaN,NaN,NaN,NaN,NaN,NaN
2017,1,25,736720,NaN,NaN,NaN,NaN,NaN,NaN,NaN,NaN,NaN,NaN
2017,1,26,736721,NaN,NaN,NaN,NaN,NaN,NaN,NaN,NaN,NaN,NaN
2017,1,27,736722,NaN,NaN,NaN,NaN,NaN,NaN,NaN,NaN,NaN,NaN
2017,1,28,736723,NaN,NaN,NaN,NaN,NaN,NaN,NaN,NaN,NaN,NaN
2017,1,29,736724,NaN,NaN,NaN,NaN,NaN,NaN,NaN,NaN,NaN,NaN
2017,1,30,736725,NaN,NaN,NaN,NaN,NaN,NaN,NaN,NaN,NaN,NaN
2017,1,31,736726,NaN,NaN,NaN,NaN,NaN,NaN,NaN,NaN,NaN,NaN
2017,2,1,736727,NaN,NaN,NaN,NaN,NaN,NaN,NaN,NaN,NaN,NaN
2017,2,2,736728,NaN,NaN,NaN,NaN,NaN,NaN,NaN,NaN,NaN,NaN
2017,2,3,736729,NaN,NaN,NaN,NaN,NaN,NaN,NaN,NaN,NaN,NaN
2017,2,4,736730,NaN,NaN,NaN,NaN,NaN,NaN,NaN,NaN,NaN,NaN
2017,2,5,736731,NaN,NaN,NaN,NaN,NaN,NaN,NaN,NaN,NaN,NaN
2017,2,6,736732,NaN,NaN,NaN,NaN,NaN,NaN,NaN,NaN,NaN,NaN
2017,2,7,736733,NaN,NaN,NaN,NaN,NaN,NaN,NaN,NaN,NaN,NaN
2017,2,8,736734,NaN,NaN,NaN,NaN,NaN,NaN,NaN,NaN,NaN,NaN
2017,2,9,736735,NaN,NaN,NaN,NaN,NaN,NaN,NaN,NaN,NaN,NaN
2017,2,10,736736,NaN,NaN,NaN,NaN,NaN,NaN,NaN,NaN,NaN,NaN
2017,2,11,736737,NaN,NaN,NaN,NaN,NaN,NaN,NaN,NaN,NaN,NaN
2017,2,12,736738,NaN,NaN,NaN,NaN,NaN,NaN,NaN,NaN,NaN,NaN
2017,2,13,736739,NaN,NaN,NaN,NaN,NaN,NaN,NaN,NaN,NaN,NaN
2017,2,14,736740,NaN,NaN,NaN,NaN,NaN,NaN,NaN,NaN,NaN,NaN
2017,2,15,736741,NaN,NaN,NaN,NaN,NaN,NaN,NaN,NaN,NaN,NaN
2017,2,16,736742,NaN,NaN,NaN,NaN,NaN,NaN,NaN,NaN,NaN,NaN
2017,2,17,736743,NaN,NaN,NaN,NaN,NaN,NaN,NaN,NaN,NaN,NaN
2017,2,18,736744,NaN,NaN,NaN,NaN,NaN,NaN,NaN,NaN,NaN,NaN
2017,2,19,736745,NaN,NaN,NaN,NaN,NaN,NaN,NaN,NaN,NaN,NaN
2017,2,20,736746,NaN,NaN,NaN,NaN,NaN,NaN,NaN,NaN,NaN,NaN
2017,2,21,736747,NaN,NaN,NaN,NaN,NaN,NaN,NaN,NaN,NaN,NaN
2017,2,22,736748,NaN,NaN,NaN,NaN,NaN,NaN,NaN,NaN,NaN,NaN
2017,2,23,736749,NaN,NaN,NaN,NaN,NaN,NaN,NaN,NaN,NaN,NaN
2017,2,24,736750,NaN,NaN,NaN,NaN,NaN,NaN,NaN,NaN,NaN,NaN
2017,2,25,736751,NaN,NaN,NaN,NaN,NaN,NaN,NaN,NaN,NaN,NaN
2017,2,26,736752,NaN,NaN,NaN,NaN,NaN,NaN,NaN,NaN,NaN,NaN
2017,2,27,736753,NaN,NaN,NaN,NaN,NaN,NaN,NaN,NaN,NaN,NaN
2017,2,28,736754,NaN,NaN,NaN,NaN,NaN,NaN,NaN,NaN,NaN,NaN
2017,3,1,736755,NaN,NaN,NaN,NaN,NaN,NaN,NaN,NaN,NaN,NaN
2017,3,2,736756,NaN,NaN,NaN,NaN,NaN,NaN,NaN,NaN,NaN,NaN
2017,3,3,736757,NaN,NaN,NaN,NaN,NaN,NaN,NaN,NaN,NaN,NaN
2017,3,4,736758,NaN,NaN,NaN,NaN,NaN,NaN,NaN,NaN,NaN,NaN
2017,3,5,736759,NaN,NaN,NaN,NaN,NaN,NaN,NaN,NaN,NaN,NaN
2017,3,6,736760,NaN,NaN,NaN,NaN,NaN,NaN,NaN,NaN,NaN,NaN
2017,3,7,736761,NaN,NaN,NaN,NaN,NaN,NaN,NaN,NaN,NaN,NaN
2017,3,8,736762,NaN,NaN,NaN,NaN,NaN,NaN,NaN,NaN,NaN,NaN
2017,3,9,736763,NaN,NaN,NaN,NaN,NaN,NaN,NaN,NaN,NaN,NaN
2017,3,10,736764,NaN,NaN,NaN,NaN,NaN,NaN,NaN,NaN,NaN,NaN
2017,3,11,736765,NaN,NaN,NaN,NaN,NaN,NaN,NaN,NaN,NaN,NaN
2017,3,12,736766,NaN,NaN,NaN,NaN,NaN,NaN,NaN,NaN,NaN,NaN
2017,3,13,736767,NaN,NaN,NaN,NaN,NaN,NaN,NaN,NaN,NaN,NaN
2017,3,14,736768,NaN,NaN,NaN,NaN,NaN,NaN,NaN,NaN,NaN,NaN
2017,3,15,736769,NaN,NaN,NaN,NaN,NaN,NaN,NaN,NaN,NaN,NaN
2017,3,16,736770,NaN,NaN,NaN,NaN,NaN,NaN,NaN,NaN,NaN,NaN
2017,3,17,736771,NaN,NaN,NaN,NaN,NaN,NaN,NaN,NaN,NaN,NaN
2017,3,18,736772,NaN,NaN,NaN,NaN,NaN,NaN,NaN,NaN,NaN,NaN
2017,3,19,736773,NaN,NaN,NaN,NaN,NaN,NaN,NaN,NaN,NaN,NaN
2017,3,20,736774,NaN,NaN,NaN,NaN,NaN,NaN,NaN,NaN,NaN,NaN
2017,3,21,736775,NaN,NaN,NaN,NaN,NaN,NaN,NaN,NaN,NaN,NaN
2017,3,22,736776,NaN,NaN,NaN,NaN,NaN,NaN,NaN,NaN,NaN,NaN
2017,3,23,736777,NaN,NaN,NaN,NaN,NaN,NaN,NaN,NaN,NaN,NaN
2017,3,24,736778,NaN,NaN,NaN,NaN,NaN,NaN,NaN,NaN,NaN,NaN
2017,3,25,736779,NaN,NaN,NaN,NaN,NaN,NaN,NaN,NaN,NaN,NaN
2017,3,26,736780,NaN,NaN,NaN,NaN,NaN,NaN,NaN,NaN,NaN,NaN
2017,3,27,736781,NaN,NaN,NaN,NaN,NaN,NaN,NaN,NaN,NaN,NaN
2017,3,28,736782,NaN,NaN,NaN,NaN,NaN,NaN,NaN,NaN,NaN,NaN
2017,3,29,736783,NaN,NaN,NaN,NaN,NaN,NaN,NaN,NaN,NaN,NaN
2017,3,30,736784,NaN,NaN,NaN,NaN,NaN,NaN,NaN,NaN,NaN,NaN
2017,3,31,736785,NaN,NaN,NaN,NaN,NaN,NaN,NaN,NaN,NaN,NaN
2017,4,1,736786,NaN,NaN,NaN,NaN,NaN,NaN,NaN,NaN,NaN,NaN
2017,4,2,736787,NaN,NaN,NaN,NaN,NaN,NaN,NaN,NaN,NaN,NaN
2017,4,3,736788,NaN,NaN,NaN,NaN,NaN,NaN,NaN,NaN,NaN,NaN
2017,4,4,736789,NaN,NaN,NaN,NaN,NaN,NaN,NaN,NaN,NaN,NaN
2017,4,5,736790,NaN,NaN,NaN,NaN,NaN,NaN,NaN,NaN,NaN,NaN
2017,4,6,736791,NaN,NaN,NaN,NaN,NaN,NaN,NaN,NaN,NaN,NaN
2017,4,7,736792,NaN,NaN,NaN,NaN,NaN,NaN,NaN,NaN,NaN,NaN
2017,4,8,736793,NaN,NaN,NaN,NaN,NaN,NaN,NaN,NaN,NaN,NaN
2017,4,9,736794,NaN,NaN,NaN,NaN,NaN,NaN,NaN,NaN,NaN,NaN
2017,4,10,736795,NaN,NaN,NaN,NaN,NaN,NaN,NaN,NaN,NaN,NaN
2017,4,11,736796,NaN,NaN,NaN,NaN,NaN,NaN,NaN,NaN,NaN,NaN
2017,4,12,736797,NaN,NaN,NaN,NaN,NaN,NaN,NaN,NaN,NaN,NaN
2017,4,13,736798,NaN,NaN,NaN,NaN,NaN,NaN,NaN,NaN,NaN,NaN
2017,4,14,736799,NaN,NaN,NaN,NaN,NaN,NaN,NaN,NaN,NaN,NaN
2017,4,15,736800,NaN,NaN,NaN,NaN,NaN,NaN,NaN,NaN,NaN,NaN
2017,4,16,736801,NaN,NaN,NaN,NaN,NaN,NaN,NaN,NaN,NaN,NaN
2017,4,17,736802,NaN,NaN,NaN,NaN,NaN,NaN,NaN,NaN,NaN,NaN
2017,4,18,736803,NaN,NaN,NaN,NaN,NaN,NaN,NaN,NaN,NaN,NaN
2017,4,19,736804,NaN,NaN,NaN,NaN,NaN,NaN,NaN,NaN,NaN,NaN
2017,4,20,736805,NaN,NaN,NaN,NaN,NaN,NaN,NaN,NaN,NaN,NaN
2017,4,21,736806,NaN,NaN,NaN,NaN,NaN,NaN,NaN,NaN,NaN,NaN
2017,4,22,736807,NaN,NaN,NaN,NaN,NaN,NaN,NaN,NaN,NaN,NaN
2017,4,23,736808,NaN,NaN,NaN,NaN,NaN,NaN,NaN,NaN,NaN,NaN
2017,4,24,736809,NaN,NaN,NaN,NaN,NaN,NaN,NaN,NaN,NaN,NaN
2017,4,25,736810,NaN,NaN,NaN,NaN,NaN,NaN,NaN,NaN,NaN,NaN
2017,4,26,736811,NaN,NaN,NaN,NaN,NaN,NaN,NaN,NaN,NaN,NaN
2017,4,27,736812,NaN,NaN,NaN,NaN,NaN,NaN,NaN,NaN,NaN,NaN
2017,4,28,736813,NaN,NaN,NaN,NaN,NaN,NaN,NaN,NaN,NaN,NaN
2017,4,29,736814,NaN,NaN,NaN,NaN,NaN,NaN,NaN,NaN,NaN,NaN
2017,4,30,736815,NaN,NaN,NaN,NaN,NaN,NaN,NaN,NaN,NaN,NaN
2017,5,1,736816,NaN,NaN,NaN,NaN,NaN,NaN,NaN,NaN,NaN,NaN
2017,5,2,736817,NaN,NaN,NaN,NaN,NaN,NaN,NaN,NaN,NaN,NaN
2017,5,3,736818,NaN,NaN,NaN,NaN,NaN,NaN,NaN,NaN,NaN,NaN
2017,5,4,736819,NaN,NaN,NaN,NaN,NaN,NaN,NaN,NaN,NaN,NaN
2017,5,5,736820,NaN,NaN,NaN,NaN,NaN,NaN,NaN,NaN,NaN,NaN
2017,5,6,736821,NaN,NaN,NaN,NaN,NaN,NaN,NaN,NaN,NaN,NaN
2017,5,7,736822,NaN,NaN,NaN,NaN,NaN,NaN,NaN,NaN,NaN,NaN
2017,5,8,736823,NaN,NaN,NaN,NaN,NaN,NaN,NaN,NaN,NaN,NaN
2017,5,9,736824,NaN,NaN,NaN,NaN,NaN,NaN,NaN,NaN,NaN,NaN
2017,5,10,736825,NaN,NaN,NaN,NaN,NaN,NaN,NaN,NaN,NaN,NaN
2017,5,11,736826,NaN,NaN,NaN,NaN,NaN,NaN,NaN,NaN,NaN,NaN
2017,5,12,736827,NaN,NaN,NaN,NaN,NaN,NaN,NaN,NaN,NaN,NaN
2017,5,13,736828,NaN,NaN,NaN,NaN,NaN,NaN,NaN,NaN,NaN,NaN
2017,5,14,736829,NaN,NaN,NaN,NaN,NaN,NaN,NaN,NaN,NaN,NaN
2017,5,15,736830,NaN,NaN,NaN,NaN,NaN,NaN,NaN,NaN,NaN,NaN
2017,5,16,736831,NaN,NaN,NaN,NaN,NaN,NaN,NaN,NaN,NaN,NaN
2017,5,17,736832,NaN,NaN,NaN,NaN,NaN,NaN,NaN,NaN,NaN,NaN
2017,5,18,736833,NaN,NaN,NaN,NaN,NaN,NaN,NaN,NaN,NaN,NaN
2017,5,19,736834,NaN,NaN,NaN,NaN,NaN,NaN,NaN,NaN,NaN,NaN
2017,5,20,736835,NaN,NaN,NaN,NaN,NaN,NaN,NaN,NaN,NaN,NaN
2017,5,21,736836,NaN,NaN,NaN,NaN,NaN,NaN,NaN,NaN,NaN,NaN
2017,5,22,736837,NaN,NaN,NaN,NaN,NaN,NaN,NaN,NaN,NaN,NaN
2017,5,23,736838,NaN,NaN,NaN,NaN,NaN,NaN,NaN,NaN,NaN,NaN
2017,5,24,736839,NaN,NaN,NaN,NaN,NaN,NaN,NaN,NaN,NaN,NaN
2017,5,25,736840,NaN,NaN,NaN,NaN,NaN,NaN,NaN,NaN,NaN,NaN
2017,5,26,736841,NaN,NaN,NaN,NaN,NaN,NaN,NaN,NaN,NaN,NaN
2017,5,27,736842,NaN,NaN,NaN,NaN,NaN,NaN,NaN,NaN,NaN,NaN
2017,5,28,736843,NaN,NaN,NaN,NaN,NaN,NaN,NaN,NaN,NaN,NaN
2017,5,29,736844,NaN,NaN,NaN,NaN,NaN,NaN,NaN,NaN,NaN,NaN
2017,5,30,736845,NaN,NaN,NaN,NaN,NaN,NaN,NaN,NaN,NaN,NaN
2017,5,31,736846,NaN,NaN,NaN,NaN,NaN,NaN,NaN,NaN,NaN,NaN
2017,6,1,736847,NaN,NaN,NaN,NaN,NaN,NaN,NaN,NaN,NaN,NaN
2017,6,2,736848,NaN,NaN,NaN,NaN,NaN,NaN,NaN,NaN,NaN,NaN
2017,6,3,736849,NaN,NaN,NaN,NaN,NaN,NaN,NaN,NaN,NaN,NaN
2017,6,4,736850,NaN,NaN,NaN,NaN,NaN,NaN,NaN,NaN,NaN,NaN
2017,6,5,736851,NaN,NaN,NaN,NaN,NaN,NaN,NaN,NaN,NaN,NaN
2017,6,6,736852,NaN,NaN,NaN,NaN,NaN,NaN,NaN,NaN,NaN,NaN
2017,6,7,736853,NaN,NaN,NaN,NaN,NaN,NaN,NaN,NaN,NaN,NaN
2017,6,8,736854,NaN,NaN,NaN,NaN,NaN,NaN,NaN,NaN,NaN,NaN
2017,6,9,736855,NaN,NaN,NaN,NaN,NaN,NaN,NaN,NaN,NaN,NaN
2017,6,10,736856,NaN,NaN,NaN,NaN,NaN,NaN,NaN,NaN,NaN,NaN
2017,6,11,736857,NaN,NaN,NaN,NaN,NaN,NaN,NaN,NaN,NaN,NaN
2017,6,12,736858,NaN,NaN,NaN,NaN,NaN,NaN,NaN,NaN,NaN,NaN
2017,6,13,736859,NaN,NaN,NaN,NaN,NaN,NaN,NaN,NaN,NaN,NaN
2017,6,14,736860,NaN,NaN,NaN,NaN,NaN,NaN,NaN,NaN,NaN,NaN
2017,6,15,736861,NaN,NaN,NaN,NaN,NaN,NaN,NaN,NaN,NaN,NaN
2017,6,16,736862,NaN,NaN,NaN,NaN,NaN,NaN,NaN,NaN,NaN,NaN
2017,6,17,736863,NaN,NaN,NaN,NaN,NaN,NaN,NaN,NaN,NaN,NaN
2017,6,18,736864,NaN,NaN,NaN,NaN,NaN,NaN,NaN,NaN,NaN,NaN
2017,6,19,736865,NaN,NaN,NaN,NaN,NaN,NaN,NaN,NaN,NaN,NaN
2017,6,20,736866,NaN,NaN,NaN,NaN,NaN,NaN,NaN,NaN,NaN,NaN
2017,6,21,736867,NaN,NaN,NaN,NaN,NaN,NaN,NaN,NaN,NaN,NaN
2017,6,22,736868,NaN,NaN,NaN,NaN,NaN,NaN,NaN,NaN,NaN,NaN
2017,6,23,736869,NaN,NaN,NaN,NaN,NaN,NaN,NaN,NaN,NaN,NaN
2017,6,24,736870,NaN,NaN,NaN,NaN,NaN,NaN,NaN,NaN,NaN,NaN
2017,6,25,736871,NaN,NaN,NaN,NaN,NaN,NaN,NaN,NaN,NaN,NaN
2017,6,26,736872,NaN,NaN,NaN,NaN,NaN,NaN,NaN,NaN,NaN,NaN
2017,6,27,736873,NaN,NaN,NaN,NaN,NaN,NaN,NaN,NaN,NaN,NaN
2017,6,28,736874,NaN,NaN,NaN,NaN,NaN,NaN,NaN,NaN,NaN,NaN
2017,6,29,736875,NaN,NaN,NaN,NaN,NaN,NaN,NaN,NaN,NaN,NaN
2017,6,30,736876,NaN,NaN,NaN,NaN,NaN,NaN,NaN,NaN,NaN,NaN
2017,7,1,736877,NaN,NaN,NaN,NaN,NaN,NaN,NaN,NaN,NaN,NaN
2017,7,2,736878,NaN,NaN,NaN,NaN,NaN,NaN,NaN,NaN,NaN,NaN
2017,7,3,736879,NaN,NaN,NaN,NaN,NaN,NaN,NaN,NaN,NaN,NaN
2017,7,4,736880,NaN,NaN,NaN,NaN,NaN,NaN,NaN,NaN,NaN,NaN
2017,7,5,736881,NaN,NaN,NaN,NaN,NaN,NaN,NaN,NaN,NaN,NaN
2017,7,6,736882,NaN,NaN,NaN,NaN,NaN,NaN,NaN,NaN,NaN,NaN
2017,7,7,736883,NaN,NaN,NaN,NaN,NaN,NaN,NaN,NaN,NaN,NaN
2017,7,8,736884,NaN,NaN,NaN,NaN,NaN,NaN,NaN,NaN,NaN,NaN
2017,7,9,736885,NaN,NaN,NaN,NaN,NaN,NaN,NaN,NaN,NaN,NaN
2017,7,10,736886,NaN,NaN,NaN,NaN,NaN,NaN,NaN,NaN,NaN,NaN
2017,7,11,736887,NaN,NaN,NaN,NaN,NaN,NaN,NaN,NaN,NaN,NaN
2017,7,12,736888,NaN,NaN,NaN,NaN,NaN,NaN,NaN,NaN,NaN,NaN
2017,7,13,736889,NaN,NaN,NaN,NaN,NaN,NaN,NaN,NaN,NaN,NaN
2017,7,14,736890,NaN,NaN,NaN,NaN,NaN,NaN,NaN,NaN,NaN,NaN
2017,7,15,736891,NaN,NaN,NaN,NaN,NaN,NaN,NaN,NaN,NaN,NaN
2017,7,16,736892,NaN,NaN,NaN,NaN,NaN,NaN,NaN,NaN,NaN,NaN
2017,7,17,736893,NaN,NaN,NaN,NaN,NaN,NaN,NaN,NaN,NaN,NaN
2017,7,18,736894,NaN,NaN,NaN,NaN,NaN,NaN,NaN,NaN,NaN,NaN
2017,7,19,736895,NaN,NaN,NaN,NaN,NaN,NaN,NaN,NaN,NaN,NaN
2017,7,20,736896,NaN,NaN,NaN,NaN,NaN,NaN,NaN,NaN,NaN,NaN
2017,7,21,736897,NaN,NaN,NaN,NaN,NaN,NaN,NaN,NaN,NaN,NaN
2017,7,22,736898,NaN,NaN,NaN,NaN,NaN,NaN,NaN,NaN,NaN,NaN
2017,7,23,736899,NaN,NaN,NaN,NaN,NaN,NaN,NaN,NaN,NaN,NaN
2017,7,24,736900,NaN,NaN,NaN,NaN,NaN,NaN,NaN,NaN,NaN,NaN
2017,7,25,736901,NaN,NaN,NaN,NaN,NaN,NaN,NaN,NaN,NaN,NaN
2017,7,26,736902,NaN,NaN,NaN,NaN,NaN,NaN,NaN,NaN,NaN,NaN
2017,7,27,736903,NaN,NaN,NaN,NaN,NaN,NaN,NaN,NaN,NaN,NaN
2017,7,28,736904,NaN,NaN,NaN,NaN,NaN,NaN,NaN,NaN,NaN,NaN
2017,7,29,736905,NaN,NaN,NaN,NaN,NaN,NaN,NaN,NaN,NaN,NaN
2017,7,30,736906,NaN,NaN,NaN,NaN,NaN,NaN,NaN,NaN,NaN,NaN
2017,7,31,736907,NaN,NaN,NaN,NaN,NaN,NaN,NaN,NaN,NaN,NaN
2017,8,1,736908,NaN,NaN,NaN,NaN,NaN,NaN,NaN,NaN,NaN,NaN
2017,8,2,736909,NaN,NaN,NaN,NaN,NaN,NaN,NaN,NaN,NaN,NaN
2017,8,3,736910,NaN,NaN,NaN,NaN,NaN,NaN,NaN,NaN,NaN,NaN
2017,8,4,736911,NaN,NaN,NaN,NaN,NaN,NaN,NaN,NaN,NaN,NaN
2017,8,5,736912,NaN,NaN,NaN,NaN,NaN,NaN,NaN,NaN,NaN,NaN
2017,8,6,736913,NaN,NaN,NaN,NaN,NaN,NaN,NaN,NaN,NaN,NaN
2017,8,7,736914,NaN,NaN,NaN,NaN,NaN,NaN,NaN,NaN,NaN,NaN
2017,8,8,736915,NaN,NaN,NaN,NaN,NaN,NaN,NaN,NaN,NaN,NaN
2017,8,9,736916,NaN,NaN,NaN,NaN,NaN,NaN,NaN,NaN,NaN,NaN
2017,8,10,736917,NaN,NaN,NaN,NaN,NaN,NaN,NaN,NaN,NaN,NaN
2017,8,11,736918,NaN,NaN,NaN,NaN,NaN,NaN,NaN,NaN,NaN,NaN
2017,8,12,736919,NaN,NaN,NaN,NaN,NaN,NaN,NaN,NaN,NaN,NaN
2017,8,13,736920,NaN,NaN,NaN,NaN,NaN,NaN,NaN,NaN,NaN,NaN
2017,8,14,736921,NaN,NaN,NaN,NaN,NaN,NaN,NaN,NaN,NaN,NaN
2017,8,15,736922,NaN,NaN,NaN,NaN,NaN,NaN,NaN,NaN,NaN,NaN
2017,8,16,736923,NaN,NaN,NaN,NaN,NaN,NaN,NaN,NaN,NaN,NaN
2017,8,17,736924,NaN,NaN,NaN,NaN,NaN,NaN,NaN,NaN,NaN,NaN
2017,8,18,736925,NaN,NaN,NaN,NaN,NaN,NaN,NaN,NaN,NaN,NaN
2017,8,19,736926,NaN,NaN,NaN,NaN,NaN,NaN,NaN,NaN,NaN,NaN
2017,8,20,736927,NaN,NaN,NaN,NaN,NaN,NaN,NaN,NaN,NaN,NaN
2017,8,21,736928,NaN,NaN,NaN,NaN,NaN,NaN,NaN,NaN,NaN,NaN
2017,8,22,736929,NaN,NaN,NaN,NaN,NaN,NaN,NaN,NaN,NaN,NaN
2017,8,23,736930,NaN,NaN,NaN,NaN,NaN,NaN,NaN,NaN,NaN,NaN
2017,8,24,736931,NaN,NaN,NaN,NaN,NaN,NaN,NaN,NaN,NaN,NaN
2017,8,25,736932,NaN,NaN,NaN,NaN,NaN,NaN,NaN,NaN,NaN,NaN
2017,8,26,736933,NaN,NaN,NaN,NaN,NaN,NaN,NaN,NaN,NaN,NaN
2017,8,27,736934,NaN,NaN,NaN,NaN,NaN,NaN,NaN,NaN,NaN,NaN
2017,8,28,736935,NaN,NaN,NaN,NaN,NaN,NaN,NaN,NaN,NaN,NaN
2017,8,29,736936,NaN,NaN,NaN,NaN,NaN,NaN,NaN,NaN,NaN,NaN
2017,8,30,736937,NaN,NaN,NaN,NaN,NaN,NaN,NaN,NaN,NaN,NaN
2017,8,31,736938,NaN,NaN,NaN,NaN,NaN,NaN,NaN,NaN,NaN,NaN
2017,9,1,736939,NaN,NaN,NaN,NaN,NaN,NaN,NaN,NaN,NaN,NaN
2017,9,2,736940,NaN,NaN,NaN,NaN,NaN,NaN,NaN,NaN,NaN,NaN
2017,9,3,736941,NaN,NaN,NaN,NaN,NaN,NaN,NaN,NaN,NaN,NaN
2017,9,4,736942,NaN,NaN,NaN,NaN,NaN,NaN,NaN,NaN,NaN,NaN
2017,9,5,736943,NaN,NaN,NaN,NaN,NaN,NaN,NaN,NaN,NaN,NaN
2017,9,6,736944,NaN,NaN,NaN,NaN,NaN,NaN,NaN,NaN,NaN,NaN
2017,9,7,736945,NaN,NaN,NaN,NaN,NaN,NaN,NaN,NaN,NaN,NaN
2017,9,8,736946,NaN,NaN,NaN,NaN,NaN,NaN,NaN,NaN,NaN,NaN
2017,9,9,736947,NaN,NaN,NaN,NaN,NaN,NaN,NaN,NaN,NaN,NaN
2017,9,10,736948,NaN,NaN,NaN,NaN,NaN,NaN,NaN,NaN,NaN,NaN
2017,9,11,736949,NaN,NaN,NaN,NaN,NaN,NaN,NaN,NaN,NaN,NaN
2017,9,12,736950,NaN,NaN,NaN,NaN,NaN,NaN,NaN,NaN,NaN,NaN
2017,9,13,736951,NaN,NaN,NaN,NaN,NaN,NaN,NaN,NaN,NaN,NaN
2017,9,14,736952,NaN,NaN,NaN,NaN,NaN,NaN,NaN,NaN,NaN,NaN
2017,9,15,736953,NaN,NaN,NaN,NaN,NaN,NaN,NaN,NaN,NaN,NaN
2017,9,16,736954,NaN,NaN,NaN,NaN,NaN,NaN,NaN,NaN,NaN,NaN
2017,9,17,736955,NaN,NaN,NaN,NaN,NaN,NaN,NaN,NaN,NaN,NaN
2017,9,18,736956,NaN,NaN,NaN,NaN,NaN,NaN,NaN,NaN,NaN,NaN
2017,9,19,736957,NaN,NaN,NaN,NaN,NaN,NaN,NaN,NaN,NaN,NaN
2017,9,20,736958,NaN,NaN,NaN,NaN,NaN,NaN,NaN,NaN,NaN,NaN
2017,9,21,736959,NaN,NaN,NaN,NaN,NaN,NaN,NaN,NaN,NaN,NaN
2017,9,22,736960,NaN,NaN,NaN,NaN,NaN,NaN,NaN,NaN,NaN,NaN
2017,9,23,736961,NaN,NaN,NaN,NaN,NaN,NaN,NaN,NaN,NaN,NaN
2017,9,24,736962,NaN,NaN,NaN,NaN,NaN,NaN,NaN,NaN,NaN,NaN
2017,9,25,736963,NaN,NaN,NaN,NaN,NaN,NaN,NaN,NaN,NaN,NaN
2017,9,26,736964,NaN,NaN,NaN,NaN,NaN,NaN,NaN,NaN,NaN,NaN
2017,9,27,736965,NaN,NaN,NaN,NaN,NaN,NaN,NaN,NaN,NaN,NaN
2017,9,28,736966,NaN,NaN,NaN,NaN,NaN,NaN,NaN,NaN,NaN,NaN
2017,9,29,736967,NaN,NaN,NaN,NaN,NaN,NaN,NaN,NaN,NaN,NaN
2017,9,30,736968,NaN,NaN,NaN,NaN,NaN,NaN,NaN,NaN,NaN,NaN
2017,10,1,736969,NaN,NaN,NaN,NaN,NaN,NaN,NaN,NaN,NaN,NaN
2017,10,2,736970,NaN,NaN,NaN,NaN,NaN,NaN,NaN,NaN,NaN,NaN
2017,10,3,736971,NaN,NaN,NaN,NaN,NaN,NaN,NaN,NaN,NaN,NaN
2017,10,4,736972,NaN,NaN,NaN,NaN,NaN,NaN,NaN,NaN,NaN,NaN
2017,10,5,736973,NaN,NaN,NaN,NaN,NaN,NaN,NaN,NaN,NaN,NaN
2017,10,6,736974,NaN,NaN,NaN,NaN,NaN,NaN,NaN,NaN,NaN,NaN
2017,10,7,736975,NaN,NaN,NaN,NaN,NaN,NaN,NaN,NaN,NaN,NaN
2017,10,8,736976,NaN,NaN,NaN,NaN,NaN,NaN,NaN,NaN,NaN,NaN
2017,10,9,736977,NaN,NaN,NaN,NaN,NaN,NaN,NaN,NaN,NaN,NaN
2017,10,10,736978,NaN,NaN,NaN,NaN,NaN,NaN,NaN,NaN,NaN,NaN
2017,10,11,736979,NaN,NaN,NaN,NaN,NaN,NaN,NaN,NaN,NaN,NaN
2017,10,12,736980,NaN,NaN,NaN,NaN,NaN,NaN,NaN,NaN,NaN,NaN
2017,10,13,736981,NaN,NaN,NaN,NaN,NaN,NaN,NaN,NaN,NaN,NaN
2017,10,14,736982,NaN,NaN,NaN,NaN,NaN,NaN,NaN,NaN,NaN,NaN
2017,10,15,736983,NaN,NaN,NaN,NaN,NaN,NaN,NaN,NaN,NaN,NaN
2017,10,16,736984,NaN,NaN,NaN,NaN,NaN,NaN,NaN,NaN,NaN,NaN
2017,10,17,736985,NaN,NaN,NaN,NaN,NaN,NaN,NaN,NaN,NaN,NaN
2017,10,18,736986,NaN,NaN,NaN,NaN,NaN,NaN,NaN,NaN,NaN,NaN
2017,10,19,736987,NaN,NaN,NaN,NaN,NaN,NaN,NaN,NaN,NaN,NaN
2017,10,20,736988,NaN,NaN,NaN,NaN,NaN,NaN,NaN,NaN,NaN,NaN
2017,10,21,736989,NaN,NaN,NaN,NaN,NaN,NaN,NaN,NaN,NaN,NaN
2017,10,22,736990,NaN,NaN,NaN,NaN,NaN,NaN,NaN,NaN,NaN,NaN
2017,10,23,736991,NaN,NaN,NaN,NaN,NaN,NaN,NaN,NaN,NaN,NaN
2017,10,24,736992,NaN,NaN,NaN,NaN,NaN,NaN,NaN,NaN,NaN,NaN
2017,10,25,736993,NaN,NaN,NaN,NaN,NaN,NaN,NaN,NaN,NaN,NaN
2017,10,26,736994,NaN,NaN,NaN,NaN,NaN,NaN,NaN,NaN,NaN,NaN
2017,10,27,736995,NaN,NaN,NaN,NaN,NaN,NaN,NaN,NaN,NaN,NaN
2017,10,28,736996,NaN,NaN,NaN,NaN,NaN,NaN,NaN,NaN,NaN,NaN
2017,10,29,736997,NaN,NaN,NaN,NaN,NaN,NaN,NaN,NaN,NaN,NaN
2017,10,30,736998,NaN,NaN,NaN,NaN,NaN,NaN,NaN,NaN,NaN,NaN
2017,10,31,736999,NaN,NaN,NaN,NaN,NaN,NaN,NaN,NaN,NaN,NaN
2017,11,1,737000,NaN,NaN,NaN,NaN,NaN,NaN,NaN,NaN,NaN,NaN
2017,11,2,737001,NaN,NaN,NaN,NaN,NaN,NaN,NaN,NaN,NaN,NaN
2017,11,3,737002,NaN,NaN,NaN,NaN,NaN,NaN,NaN,NaN,NaN,NaN
2017,11,4,737003,NaN,NaN,NaN,NaN,NaN,NaN,NaN,NaN,NaN,NaN
2017,11,5,737004,NaN,NaN,NaN,NaN,NaN,NaN,NaN,NaN,NaN,NaN
2017,11,6,737005,NaN,NaN,NaN,NaN,NaN,NaN,NaN,NaN,NaN,NaN
2017,11,7,737006,NaN,NaN,NaN,NaN,NaN,NaN,NaN,NaN,NaN,NaN
2017,11,8,737007,NaN,NaN,NaN,NaN,NaN,NaN,NaN,NaN,NaN,NaN
2017,11,9,737008,NaN,NaN,NaN,NaN,NaN,NaN,NaN,NaN,NaN,NaN
2017,11,10,737009,NaN,NaN,NaN,NaN,NaN,NaN,NaN,NaN,NaN,NaN
2017,11,11,737010,NaN,NaN,NaN,NaN,NaN,NaN,NaN,NaN,NaN,NaN
2017,11,12,737011,NaN,NaN,NaN,NaN,NaN,NaN,NaN,NaN,NaN,NaN
2017,11,13,737012,NaN,NaN,NaN,NaN,NaN,NaN,NaN,NaN,NaN,NaN
2017,11,14,737013,NaN,NaN,NaN,NaN,NaN,NaN,NaN,NaN,NaN,NaN
2017,11,15,737014,NaN,NaN,NaN,NaN,NaN,NaN,NaN,NaN,NaN,NaN
2017,11,16,737015,NaN,NaN,NaN,NaN,NaN,NaN,NaN,NaN,NaN,NaN
2017,11,17,737016,NaN,NaN,NaN,NaN,NaN,NaN,NaN,NaN,NaN,NaN
2017,11,18,737017,NaN,NaN,NaN,NaN,NaN,NaN,NaN,NaN,NaN,NaN
2017,11,19,737018,NaN,NaN,NaN,NaN,NaN,NaN,NaN,NaN,NaN,NaN
2017,11,20,737019,NaN,NaN,NaN,NaN,NaN,NaN,NaN,NaN,NaN,NaN
2017,11,21,737020,NaN,NaN,NaN,NaN,NaN,NaN,NaN,NaN,NaN,NaN
2017,11,22,737021,NaN,NaN,NaN,NaN,NaN,NaN,NaN,NaN,NaN,NaN
2017,11,23,737022,NaN,NaN,NaN,NaN,NaN,NaN,NaN,NaN,NaN,NaN
2017,11,24,737023,NaN,NaN,NaN,NaN,NaN,NaN,NaN,NaN,NaN,NaN
2017,11,25,737024,NaN,NaN,NaN,NaN,NaN,NaN,NaN,NaN,NaN,NaN
2017,11,26,737025,NaN,NaN,NaN,NaN,NaN,NaN,NaN,NaN,NaN,NaN
2017,11,27,737026,NaN,NaN,NaN,NaN,NaN,NaN,NaN,NaN,NaN,NaN
2017,11,28,737027,NaN,NaN,NaN,NaN,NaN,NaN,NaN,NaN,NaN,NaN
2017,11,29,737028,NaN,NaN,NaN,NaN,NaN,NaN,NaN,NaN,NaN,NaN
2017,11,30,737029,NaN,NaN,NaN,NaN,NaN,NaN,NaN,NaN,NaN,NaN
2017,12,1,737030,NaN,NaN,NaN,NaN,NaN,NaN,NaN,NaN,NaN,NaN
2017,12,2,737031,NaN,NaN,NaN,NaN,NaN,NaN,NaN,NaN,NaN,NaN
2017,12,3,737032,NaN,NaN,NaN,NaN,NaN,NaN,NaN,NaN,NaN,NaN
2017,12,4,737033,NaN,NaN,NaN,NaN,NaN,NaN,NaN,NaN,NaN,NaN
2017,12,5,737034,NaN,NaN,NaN,NaN,NaN,NaN,NaN,NaN,NaN,NaN
2017,12,6,737035,NaN,NaN,NaN,NaN,NaN,NaN,NaN,NaN,NaN,NaN
2017,12,7,737036,NaN,NaN,NaN,NaN,NaN,NaN,NaN,NaN,NaN,NaN
2017,12,8,737037,NaN,NaN,NaN,NaN,NaN,NaN,NaN,NaN,NaN,NaN
2017,12,9,737038,NaN,NaN,NaN,NaN,NaN,NaN,NaN,NaN,NaN,NaN
2017,12,10,737039,NaN,NaN,NaN,NaN,NaN,NaN,NaN,NaN,NaN,NaN
2017,12,11,737040,NaN,NaN,NaN,NaN,NaN,NaN,NaN,NaN,NaN,NaN
2017,12,12,737041,NaN,NaN,NaN,NaN,NaN,NaN,NaN,NaN,NaN,NaN
2017,12,13,737042,NaN,NaN,NaN,NaN,NaN,NaN,NaN,NaN,NaN,NaN
2017,12,14,737043,NaN,NaN,NaN,NaN,NaN,NaN,NaN,NaN,NaN,NaN
2017,12,15,737044,NaN,NaN,NaN,NaN,NaN,NaN,NaN,NaN,NaN,NaN
2017,12,16,737045,NaN,NaN,NaN,NaN,NaN,NaN,NaN,NaN,NaN,NaN
2017,12,17,737046,NaN,NaN,NaN,NaN,NaN,NaN,NaN,NaN,NaN,NaN
2017,12,18,737047,NaN,NaN,NaN,NaN,NaN,NaN,NaN,NaN,NaN,NaN
2017,12,19,737048,NaN,NaN,NaN,NaN,NaN,NaN,NaN,NaN,NaN,NaN
2017,12,20,737049,NaN,NaN,NaN,NaN,NaN,NaN,NaN,NaN,NaN,NaN
2017,12,21,737050,NaN,NaN,NaN,NaN,NaN,NaN,NaN,NaN,NaN,NaN
2017,12,22,737051,NaN,NaN,NaN,NaN,NaN,NaN,NaN,NaN,NaN,NaN
2017,12,23,737052,NaN,NaN,NaN,NaN,NaN,NaN,NaN,NaN,NaN,NaN
2017,12,24,737053,NaN,NaN,NaN,NaN,NaN,NaN,NaN,NaN,NaN,NaN
2017,12,25,737054,NaN,NaN,NaN,NaN,NaN,NaN,NaN,NaN,NaN,NaN
2017,12,26,737055,NaN,NaN,NaN,NaN,NaN,NaN,NaN,NaN,NaN,NaN
2017,12,27,737056,NaN,NaN,NaN,NaN,NaN,NaN,NaN,NaN,NaN,NaN
2017,12,28,737057,NaN,NaN,NaN,NaN,NaN,NaN,NaN,NaN,NaN,NaN
2017,12,29,737058,NaN,NaN,NaN,NaN,NaN,NaN,NaN,NaN,NaN,NaN
2017,12,30,737059,NaN,NaN,NaN,NaN,NaN,NaN,NaN,NaN,NaN,NaN
2017,12,31,737060,NaN,NaN,NaN,NaN,NaN,NaN,NaN,NaN,NaN,NaN
